3 0.21794871794871795 0.35336538461538464 0.1282051282051282 0.09615384615384616
3 0.3269230769230769 0.37259615384615385 0.10897435897435898 0.08413461538461539
3 0.25961538461538464 0.4423076923076923 0.13141025641025642 0.0889423076923077
5 0.40064102564102566 0.47115384615384615 0.11538461538461539 0.08653846153846154
4 0.2980769230769231 0.5961538461538461 0.10256410256410256 0.07932692307692307
3 0.20833333333333334 0.7283653846153846 0.0673076923076923 0.04807692307692308
3 0.266025641025641 0.7451923076923077 0.0673076923076923 0.05048076923076923
4 0.32051282051282054 0.6826923076923077 0.07371794871794872 0.057692307692307696
4 0.3814102564102564 0.6802884615384616 0.07051282051282051 0.0625
4 0.36217948717948717 0.7379807692307693 0.0641025641025641 0.05048076923076923
4 0.5384615384615384 0.5048076923076923 0.10576923076923077 0.08413461538461539
4 0.6057692307692307 0.5480769230769231 0.09935897435897435 0.0673076923076923
4 0.7019230769230769 0.4951923076923077 0.15384615384615385 0.11298076923076923
4 0.7147435897435898 0.3605769230769231 0.14423076923076922 0.11057692307692307
4 0.7724358974358975 0.1658653846153846 0.15705128205128205 0.12740384615384615