5 0.6346153846153846 0.20673076923076922 0.19230769230769232 0.15865384615384615
4 0.40064102564102566 0.28125 0.1891025641025641 0.14903846153846154
4 0.5480769230769231 0.43509615384615385 0.18269230769230768 0.13701923076923078
4 0.5673076923076923 0.49759615384615385 0.1346153846153846 0.08173076923076923
4 0.3301282051282051 0.43509615384615385 0.18269230769230768 0.1346153846153846
4 0.4775641025641026 0.6033653846153846 0.15705128205128205 0.1201923076923077
4 0.3333333333333333 0.6201923076923077 0.13782051282051283 0.10096153846153846
4 0.23717948717948717 0.7091346153846154 0.10256410256410256 0.08413461538461539
4 0.48717948717948717 0.7235576923076923 0.125 0.0889423076923077
4 0.46474358974358976 0.8173076923076923 0.10256410256410256 0.06971153846153846
4 0.358974358974359 0.78125 0.10897435897435898 0.07692307692307693
4 0.3782051282051282 0.8293269230769231 0.08333333333333333 0.0625
3 0.6378205128205128 0.9375 0.060897435897435896 0.055288461538461536
3 0.7307692307692307 0.8245192307692307 0.05128205128205128 0.040865384615384616
3 0.782051282051282 0.8389423076923077 0.05128205128205128 0.040865384615384616
5 0.8942307692307693 0.5649038461538461 0.08012820512820513 0.04807692307692308
3 0.967948717948718 0.5360576923076923 0.057692307692307696 0.052884615384615384
3 0.9102564102564102 0.4807692307692308 0.07051282051282051 0.04567307692307692
4 0.9038461538461539 0.6466346153846154 0.0641025641025641 0.038461538461538464
4 0.9391025641025641 0.5769230769230769 0.0641025641025641 0.04807692307692308
4 0.8814102564102564 0.6850961538461539 0.05448717948717949 0.03125
4 0.8589743589743589 0.5841346153846154 0.0641025641025641 0.040865384615384616
4 0.5865384615384616 0.9759615384615384 0.04807692307692308 0.038461538461538464
4 0.8717948717948718 0.7115384615384616 0.04807692307692308 0.03365384615384615
3 0.9775641025641025 0.625 0.041666666666666664 0.04326923076923077
5 0.9743589743589743 0.6802884615384616 0.041666666666666664 0.04326923076923077