3 0.657051282051282 0.125 0.125 0.10336538461538461
3 0.7852564102564102 0.20673076923076922 0.20192307692307693 0.15384615384615385
4 0.6666666666666666 0.35096153846153844 0.1346153846153846 0.09615384615384616
3 0.5961538461538461 0.40384615384615385 0.19230769230769232 0.1466346153846154
4 0.7948717948717948 0.41586538461538464 0.1955128205128205 0.14423076923076922
4 0.5416666666666666 0.5096153846153846 0.125 0.11057692307692307
4 0.6474358974358975 0.5384615384615384 0.18269230769230768 0.13942307692307693
4 0.6538461538461539 0.6370192307692307 0.14423076923076922 0.09134615384615384
4 0.532051282051282 0.6394230769230769 0.07051282051282051 0.07692307692307693
4 0.5865384615384616 0.6586538461538461 0.12179487179487179 0.10096153846153846
4 0.5352564102564102 0.6923076923076923 0.08974358974358974 0.0625
4 0.6698717948717948 0.6899038461538461 0.07692307692307693 0.03365384615384615
4 0.5737179487179487 0.7355769230769231 0.07692307692307693 0.05048076923076923
4 0.6858974358974359 0.7475961538461539 0.07692307692307693 0.0673076923076923
4 0.6282051282051282 0.7692307692307693 0.10576923076923077 0.08653846153846154
4 0.6410256410256411 0.8293269230769231 0.0673076923076923 0.04567307692307692
4 0.33974358974358976 0.84375 0.04487179487179487 0.04567307692307692
4 0.30128205128205127 0.8365384615384616 0.0673076923076923 0.052884615384615384
4 0.32051282051282054 0.7692307692307693 0.08012820512820513 0.06009615384615385
5 0.23717948717948717 0.6658653846153846 0.12179487179487179 0.09375
4 0.28846153846153844 0.6514423076923077 0.05448717948717949 0.0625
4 0.28846153846153844 0.7067307692307693 0.08333333333333333 0.06009615384615385
3 0.2403846153846154 0.5432692307692307 0.13782051282051283 0.09375
3 0.30448717948717946 0.5504807692307693 0.08653846153846154 0.08413461538461539
3 0.1891025641025641 0.49278846153846156 0.1282051282051282 0.0889423076923077