3 0.5512820512820513 0.16826923076923078 0.20192307692307693 0.17548076923076922
4 0.5769230769230769 0.04807692307692308 0.05448717948717949 0.040865384615384616
4 0.6346153846153846 0.026442307692307692 0.05448717948717949 0.04567307692307692
4 0.060897435897435896 0.2620192307692308 0.060897435897435896 0.04326923076923077
4 0.02403846153846154 0.32572115384615385 0.04807692307692308 0.040865384615384616
4 0.07051282051282051 0.33413461538461536 0.04487179487179487 0.03365384615384615
4 0.014423076923076924 0.14182692307692307 0.028846153846153848 0.052884615384615384
4 0.009615384615384616 0.21875 0.019230769230769232 0.040865384615384616
3 0.5288461538461539 0.33413461538461536 0.15064102564102563 0.15384615384615385
3 0.6185897435897436 0.3629807692307692 0.23076923076923078 0.18028846153846154
3 0.6474358974358975 0.5120192307692307 0.19230769230769232 0.13942307692307693
3 0.28846153846153844 0.7139423076923077 0.15384615384615385 0.12259615384615384
3 0.41346153846153844 0.7644230769230769 0.15384615384615385 0.11538461538461539
4 0.5096153846153846 0.6730769230769231 0.11538461538461539 0.0985576923076923
5 0.6282051282051282 0.6730769230769231 0.16025641025641027 0.11778846153846154
4 0.5416666666666666 0.7524038461538461 0.10897435897435898 0.08413461538461539
4 0.6057692307692307 0.8485576923076923 0.11858974358974358 0.0985576923076923