5 0.21153846153846154 0.8317307692307693 0.060897435897435896 0.04807692307692308
4 0.16025641025641027 0.8557692307692307 0.057692307692307696 0.05048076923076923
3 0.12179487179487179 0.8269230769230769 0.060897435897435896 0.05048076923076923
3 0.9583333333333334 0.7139423076923077 0.07692307692307693 0.06009615384615385
4 0.9551282051282052 0.7668269230769231 0.08333333333333333 0.055288461538461536
4 0.9487179487179487 0.8173076923076923 0.07051282051282051 0.05048076923076923
4 0.9807692307692307 0.8173076923076923 0.035256410256410256 0.05048076923076923
4 0.6153846153846154 0.8100961538461539 0.16987179487179488 0.12740384615384615
4 0.5384615384615384 0.9038461538461539 0.15064102564102563 0.12740384615384615
4 0.40064102564102566 0.9206730769230769 0.1282051282051282 0.11778846153846154
4 0.36217948717948717 0.8389423076923077 0.17307692307692307 0.12259615384615384
4 0.40064102564102566 0.7211538461538461 0.20192307692307693 0.14182692307692307
4 0.6794871794871795 0.65625 0.1794871794871795 0.13701923076923078
3 0.42948717948717946 0.5576923076923077 0.20833333333333334 0.15625
3 0.6762820512820513 0.47115384615384615 0.16346153846153846 0.13221153846153846
4 0.9583333333333334 0.3317307692307692 0.07371794871794872 0.12740384615384615
4 0.9423076923076923 0.3629807692307692 0.10576923076923077 0.09375
4 0.9807692307692307 0.16346153846153846 0.03205128205128205 0.09375
4 0.9647435897435898 0.21153846153846154 0.0673076923076923 0.06971153846153846
4 0.23076923076923078 0.0673076923076923 0.08012820512820513 0.06009615384615385
4 0.16987179487179488 0.07932692307692307 0.08012820512820513 0.06490384615384616
4 0.18269230769230768 0.13701923076923078 0.07371794871794872 0.052884615384615384
4 0.2467948717948718 0.14182692307692307 0.060897435897435896 0.055288461538461536
4 0.2532051282051282 0.19230769230769232 0.038461538461538464 0.04807692307692308
4 0.3685897435897436 0.1201923076923077 0.0641025641025641 0.05048076923076923
4 0.38461538461538464 0.16346153846153846 0.041666666666666664 0.038461538461538464
4 0.36538461538461536 0.06490384615384616 0.041666666666666664 0.057692307692307696
4 0.20192307692307693 0.016826923076923076 0.09294871794871795 0.03365384615384615
4 0.3557692307692308 0.19230769230769232 0.04807692307692308 0.040865384615384616