5 0.5512820512820513 0.2668269230769231 0.125 0.09615384615384616
3 0.6730769230769231 0.6586538461538461 0.0673076923076923 0.0673076923076923
3 0.7884615384615384 0.6201923076923077 0.04807692307692308 0.038461538461538464
5 0.4967948717948718 0.3942307692307692 0.15384615384615385 0.125
4 0.5160256410256411 0.4639423076923077 0.11217948717948718 0.08653846153846154
4 0.391025641025641 0.4254807692307692 0.08974358974358974 0.0673076923076923
4 0.40064102564102566 0.49038461538461536 0.12179487179487179 0.10336538461538461
4 0.48717948717948717 0.5384615384615384 0.09294871794871795 0.06971153846153846
4 0.3269230769230769 0.5817307692307693 0.057692307692307696 0.057692307692307696
4 0.5512820512820513 0.5625 0.13141025641025642 0.09615384615384616
4 0.4391025641025641 0.6057692307692307 0.10576923076923077 0.0889423076923077
4 0.33653846153846156 0.6394230769230769 0.038461538461538464 0.036057692307692304
4 0.5576923076923077 0.6586538461538461 0.11858974358974358 0.09134615384615384
4 0.4775641025641026 0.6802884615384616 0.08333333333333333 0.08173076923076923
4 0.5737179487179487 0.7427884615384616 0.09615384615384616 0.08653846153846154
4 0.5256410256410257 0.7524038461538461 0.038461538461538464 0.07211538461538461
4 0.5737179487179487 0.8004807692307693 0.07371794871794872 0.06009615384615385