3 0.28205128205128205 0.6057692307692307 0.15064102564102563 0.11298076923076923
5 0.125 0.6394230769230769 0.14743589743589744 0.10336538461538461
4 0.2467948717948718 0.7067307692307693 0.13782051282051283 0.11298076923076923
4 0.375 0.7115384615384616 0.12179487179487179 0.10817307692307693
3 0.5 0.6947115384615384 0.1346153846153846 0.11298076923076923
4 0.6025641025641025 0.7259615384615384 0.08974358974358974 0.07692307692307693
4 0.657051282051282 0.6971153846153846 0.10256410256410256 0.09134615384615384
4 0.5865384615384616 0.6177884615384616 0.1282051282051282 0.09615384615384616
3 0.6057692307692307 0.5120192307692307 0.13141025641025642 0.11057692307692307
3 0.6410256410256411 0.3605769230769231 0.16666666666666666 0.12259615384615384
4 0.7019230769230769 0.5336538461538461 0.11217948717948718 0.07451923076923077
3 0.717948717948718 0.6033653846153846 0.14102564102564102 0.11057692307692307
4 0.9038461538461539 0.6826923076923077 0.04487179487179487 0.040865384615384616
3 0.9326923076923077 0.7307692307692307 0.05128205128205128 0.03365384615384615
3 0.9134615384615384 0.7451923076923077 0.05448717948717949 0.04326923076923077
3 0.9775641025641025 0.71875 0.035256410256410256 0.04567307692307692
5 0.9871794871794872 0.7548076923076923 0.019230769230769232 0.04326923076923077
4 0.9519230769230769 0.7668269230769231 0.05448717948717949 0.040865384615384616
4 0.9743589743589743 0.8197115384615384 0.04487179487179487 0.04567307692307692
3 0.40705128205128205 0.31009615384615385 0.038461538461538464 0.036057692307692304
3 0.19230769230769232 0.8485576923076923 0.03205128205128205 0.028846153846153848
5 0.16987179487179488 0.8533653846153846 0.03205128205128205 0.028846153846153848
4 0.20833333333333334 0.7836538461538461 0.022435897435897436 0.019230769230769232
4 0.1891025641025641 0.7836538461538461 0.022435897435897436 0.021634615384615384