5 0.5961538461538461 0.5288461538461539 0.15064102564102563 0.12740384615384615
4 0.6217948717948718 0.6706730769230769 0.13782051282051283 0.10576923076923077
4 0.4166666666666667 0.6971153846153846 0.16987179487179488 0.11057692307692307
4 0.5897435897435898 0.7475961538461539 0.10576923076923077 0.07451923076923077
4 0.4358974358974359 0.8052884615384616 0.1346153846153846 0.10336538461538461
3 0.2916666666666667 0.36778846153846156 0.05448717948717949 0.040865384615384616
3 0.1794871794871795 0.38221153846153844 0.057692307692307696 0.040865384615384616
4 0.18269230769230768 0.43028846153846156 0.05128205128205128 0.038461538461538464
4 0.30128205128205127 0.4182692307692308 0.05128205128205128 0.038461538461538464
4 0.3269230769230769 0.42788461538461536 0.038461538461538464 0.028846153846153848
4 0.022435897435897436 0.49278846153846156 0.041666666666666664 0.03125
4 0.0641025641025641 0.5144230769230769 0.035256410256410256 0.02403846153846154
4 0.04807692307692308 0.5408653846153846 0.04487179487179487 0.03365384615384615