4 0.7435897435897436 0.3701923076923077 0.08333333333333333 0.09134615384615384
5 0.6602564102564102 0.3125 0.060897435897435896 0.07451923076923077
4 0.8108974358974359 0.5024038461538461 0.04807692307692308 0.038461538461538464
4 0.8141025641025641 0.5360576923076923 0.019230769230769232 0.019230769230769232
3 0.9775641025641025 0.9326923076923077 0.041666666666666664 0.08173076923076923
4 0.7403846153846154 0.5625 0.05128205128205128 0.055288461538461536
4 0.6858974358974359 0.5288461538461539 0.05448717948717949 0.04567307692307692
4 0.6826923076923077 0.4855769230769231 0.04487179487179487 0.06490384615384616
5 0.5993589743589743 0.4735576923076923 0.10897435897435898 0.10096153846153846
4 0.5352564102564102 0.5576923076923077 0.09294871794871795 0.08653846153846154
4 0.44871794871794873 0.4375 0.10256410256410256 0.09615384615384616
4 0.4326923076923077 0.6947115384615384 0.0641025641025641 0.06490384615384616
4 0.375 0.5576923076923077 0.08974358974358974 0.09134615384615384
4 0.3301282051282051 0.6490384615384616 0.07371794871794872 0.07451923076923077
4 0.34615384615384615 0.7115384615384616 0.019230769230769232 0.019230769230769232
3 0.7628205128205128 0.5817307692307693 0.041666666666666664 0.036057692307692304