2 0.40064102564102566 0.7019230769230769 0.10576923076923077 0.07932692307692307
2 0.4551282051282051 0.6105769230769231 0.21153846153846154 0.15625
1 0.6698717948717948 0.5961538461538461 0.22115384615384615 0.16826923076923078
1 0.3557692307692308 0.5745192307692307 0.057692307692307696 0.040865384615384616
2 0.36538461538461536 0.4639423076923077 0.2564102564102564 0.16826923076923078
0 0.02564102564102564 0.1778846153846154 0.05128205128205128 0.06009615384615385
1 0.09615384615384616 0.3125 0.1346153846153846 0.07692307692307693
1 0.041666666666666664 0.34375 0.08333333333333333 0.06490384615384616
1 0.08974358974358974 0.3918269230769231 0.057692307692307696 0.03365384615384615
2 0.11858974358974358 0.41586538461538464 0.041666666666666664 0.03125
2 0.1891025641025641 0.2668269230769231 0.09615384615384616 0.07451923076923077
1 0.9134615384615384 0.04807692307692308 0.16346153846153846 0.09615384615384616