1 0.592948717948718 0.19471153846153846 0.1282051282051282 0.11298076923076923
1 0.5480769230769231 0.2668269230769231 0.11858974358974358 0.09615384615384616
1 0.6442307692307693 0.3173076923076923 0.12179487179487179 0.10336538461538461
1 0.5833333333333334 0.34615384615384615 0.08012820512820513 0.08653846153846154
1 0.6346153846153846 0.40625 0.12179487179487179 0.09134615384615384
1 0.4519230769230769 0.5120192307692307 0.20833333333333334 0.14182692307692307
1 0.625 0.5841346153846154 0.1762820512820513 0.14423076923076922
1 0.5224358974358975 0.6105769230769231 0.08653846153846154 0.0889423076923077
1 0.47115384615384615 0.6009615384615384 0.08333333333333333 0.05048076923076923
1 0.5416666666666666 0.8197115384615384 0.11217948717948718 0.10576923076923077
2 0.42948717948717946 0.8509615384615384 0.11217948717948718 0.0985576923076923
1 0.5064102564102564 0.90625 0.11538461538461539 0.0985576923076923