5 0.2724358974358974 0.11778846153846154 0.1794871794871795 0.13701923076923078
5 0.3269230769230769 0.31971153846153844 0.1987179487179487 0.1466346153846154
4 0.5544871794871795 0.25961538461538464 0.1955128205128205 0.15625
4 0.5993589743589743 0.5432692307692307 0.16666666666666666 0.12259615384615384
4 0.40705128205128205 0.4879807692307692 0.16666666666666666 0.1201923076923077
4 0.42628205128205127 0.6586538461538461 0.15705128205128205 0.1201923076923077
4 0.6346153846153846 0.7884615384615384 0.08012820512820513 0.06490384615384616
4 0.5993589743589743 0.8605769230769231 0.09294871794871795 0.06971153846153846
4 0.46474358974358976 0.7764423076923077 0.1346153846153846 0.11298076923076923
4 0.5096153846153846 0.8677884615384616 0.08333333333333333 0.0673076923076923
4 0.5192307692307693 0.9278846153846154 0.0641025641025641 0.052884615384615384
3 0.33974358974358976 0.8341346153846154 0.09615384615384616 0.07451923076923077
3 0.23397435897435898 0.8052884615384616 0.10256410256410256 0.07932692307692307
3 0.16987179487179488 0.7475961538461539 0.09294871794871795 0.07932692307692307
5 0.28846153846153844 0.7427884615384616 0.08974358974358974 0.06490384615384616
5 0.27884615384615385 0.8870192307692307 0.08012820512820513 0.0625
4 0.3108974358974359 0.9663461538461539 0.07692307692307693 0.0625
4 0.3974358974358974 0.9783653846153846 0.05448717948717949 0.038461538461538464