3 0.23397435897435898 0.1971153846153846 0.18269230769230768 0.13221153846153846
3 0.40064102564102566 0.16346153846153846 0.14102564102564102 0.10576923076923077
3 0.32051282051282054 0.22596153846153846 0.11538461538461539 0.10096153846153846
5 0.483974358974359 0.23317307692307693 0.09935897435897435 0.07692307692307693
5 0.42628205128205127 0.27163461538461536 0.16346153846153846 0.11298076923076923
5 0.3173076923076923 0.31009615384615385 0.125 0.07932692307692307
5 0.16346153846153846 0.3557692307692308 0.16025641025641027 0.11057692307692307
4 0.6794871794871795 0.29086538461538464 0.10576923076923077 0.09134615384615384
4 0.7467948717948718 0.34134615384615385 0.08333333333333333 0.06490384615384616
5 0.3685897435897436 0.3389423076923077 0.09615384615384616 0.04567307692307692
4 0.5160256410256411 0.31971153846153844 0.08012820512820513 0.055288461538461536
4 0.5064102564102564 0.3557692307692308 0.060897435897435896 0.038461538461538464
3 0.08653846153846154 0.41586538461538464 0.057692307692307696 0.036057692307692304
4 0.38782051282051283 0.39903846153846156 0.08012820512820513 0.055288461538461536
4 0.4166666666666667 0.43028846153846156 0.035256410256410256 0.02403846153846154
4 0.30448717948717946 0.4423076923076923 0.10897435897435898 0.0673076923076923
4 0.08653846153846154 0.4831730769230769 0.1282051282051282 0.07692307692307693
4 0.10576923076923077 0.5384615384615384 0.08333333333333333 0.055288461538461536
4 0.2467948717948718 0.5192307692307693 0.08974358974358974 0.0673076923076923
5 0.14102564102564102 0.41346153846153844 0.05128205128205128 0.028846153846153848
4 0.5897435897435898 0.4326923076923077 0.09935897435897435 0.07451923076923077
4 0.6057692307692307 0.46875 0.0641025641025641 0.038461538461538464
5 0.7243589743589743 0.7163461538461539 0.08012820512820513 0.0625
3 0.7884615384615384 0.7620192307692307 0.09294871794871795 0.07451923076923077
4 0.75 0.7740384615384616 0.041666666666666664 0.04326923076923077