3 0.4935897435897436 0.3894230769230769 0.2564102564102564 0.17548076923076922
5 0.22435897435897437 0.43028846153846156 0.20512820512820512 0.13942307692307693
4 0.40705128205128205 0.5408653846153846 0.18269230769230768 0.12259615384615384
4 0.23717948717948717 0.5865384615384616 0.1955128205128205 0.14423076923076922
4 0.34615384615384615 0.5985576923076923 0.08012820512820513 0.06971153846153846
3 0.4519230769230769 0.75 0.12179487179487179 0.09615384615384616
4 0.375 0.8293269230769231 0.11217948717948718 0.09134615384615384
4 0.4423076923076923 0.8269230769230769 0.04807692307692308 0.0625
3 0.6987179487179487 0.4807692307692308 0.14743589743589744 0.10096153846153846
3 0.7275641025641025 0.5985576923076923 0.16025641025641027 0.12259615384615384
3 0.8173076923076923 0.6802884615384616 0.10256410256410256 0.07692307692307693
4 0.7211538461538461 0.7043269230769231 0.12179487179487179 0.0889423076923077
5 0.7980769230769231 0.7355769230769231 0.09294871794871795 0.057692307692307696
3 0.8942307692307693 0.7548076923076923 0.10256410256410256 0.07692307692307693
3 0.8044871794871795 0.8100961538461539 0.12179487179487179 0.09615384615384616