3 0.5 0.27163461538461536 0.19230769230769232 0.1466346153846154
3 0.49038461538461536 0.36538461538461536 0.18269230769230768 0.11778846153846154
5 0.6602564102564102 0.2403846153846154 0.14102564102564102 0.11298076923076923
5 0.6346153846153846 0.37259615384615385 0.15384615384615385 0.11298076923076923
5 0.41346153846153844 0.46875 0.1762820512820513 0.12259615384615384
4 0.2948717948717949 0.5600961538461539 0.13141025641025642 0.10336538461538461
4 0.49038461538461536 0.7235576923076923 0.08012820512820513 0.06009615384615385
4 0.6762820512820513 0.5168269230769231 0.16987179487179488 0.125
5 0.7628205128205128 0.43028846153846156 0.14743589743589744 0.10576923076923077
4 0.7564102564102564 0.5985576923076923 0.15384615384615385 0.11057692307692307
4 0.6891025641025641 0.6850961538461539 0.14743589743589744 0.11057692307692307
4 0.5993589743589743 0.7548076923076923 0.13782051282051283 0.10576923076923077