1 0.41346153846153844 0.13942307692307693 0.11217948717948718 0.09375
1 0.4230769230769231 0.17307692307692307 0.19230769230769232 0.16346153846153846
1 0.5737179487179487 0.20432692307692307 0.16346153846153846 0.14182692307692307
1 0.03685897435897436 0.38461538461538464 0.07371794871794872 0.0673076923076923
1 0.060897435897435896 0.33653846153846156 0.07692307692307693 0.06009615384615385
1 0.10576923076923077 0.4110576923076923 0.08653846153846154 0.06009615384615385
1 0.12179487179487179 0.3798076923076923 0.057692307692307696 0.0625
1 0.3942307692307692 0.4567307692307692 0.05448717948717949 0.0625
1 0.4775641025641026 0.4567307692307692 0.10576923076923077 0.08173076923076923
1 0.4358974358974359 0.49278846153846156 0.07051282051282051 0.05048076923076923
0 0.3717948717948718 0.5625 0.0673076923076923 0.04567307692307692
1 0.6089743589743589 0.6850961538461539 0.07371794871794872 0.057692307692307696
0 0.9102564102564102 0.7764423076923077 0.15064102564102563 0.10817307692307693
2 0.7692307692307693 0.7475961538461539 0.1282051282051282 0.09615384615384616
1 0.7243589743589743 0.8125 0.09935897435897435 0.07932692307692307
1 0.8269230769230769 0.8221153846153846 0.10576923076923077 0.08653846153846154