1 0.3701923076923077 0.1955128205128205 0.1346153846153846 0.1987179487179487
1 0.2283653846153846 0.125 0.0889423076923077 0.1282051282051282
1 0.2980769230769231 0.23076923076923078 0.11298076923076923 0.16025641025641027
1 0.4110576923076923 0.30128205128205127 0.11298076923076923 0.13141025641025642
0 0.2644230769230769 0.5480769230769231 0.15144230769230768 0.17307692307692307
0 0.15865384615384615 0.657051282051282 0.15144230769230768 0.1955128205128205
1 0.06490384615384616 0.6025641025641025 0.06971153846153846 0.08012820512820513
1 0.2668269230769231 0.6987179487179487 0.10336538461538461 0.13782051282051283
1 0.23076923076923078 0.8044871794871795 0.04567307692307692 0.05448717948717949
1 0.8605769230769231 0.7660256410256411 0.11298076923076923 0.13782051282051283
0 0.8004807692307693 0.7115384615384616 0.09375 0.1762820512820513
2 0.7139423076923077 0.6666666666666666 0.08653846153846154 0.13141025641025642
2 0.7692307692307693 0.5769230769230769 0.11298076923076923 0.13141025641025642
0 0.6490384615384616 0.5384615384615384 0.04807692307692308 0.05448717948717949
2 0.04807692307692308 0.6698717948717948 0.03365384615384615 0.060897435897435896
1 0.5264423076923077 0.9871794871794872 0.055288461538461536 0.019230769230769232