3 0.22756410256410256 0.49759615384615385 0.11538461538461539 0.07932692307692307
5 0.3173076923076923 0.5504807692307693 0.13141025641025642 0.10096153846153846
5 0.5352564102564102 0.5048076923076923 0.1282051282051282 0.09134615384615384
4 0.4326923076923077 0.5 0.09294871794871795 0.07932692307692307
4 0.5032051282051282 0.6081730769230769 0.09615384615384616 0.0673076923076923
4 0.3974358974358974 0.6081730769230769 0.11217948717948718 0.08173076923076923
4 0.34615384615384615 0.65625 0.09935897435897435 0.0673076923076923
4 0.2980769230769231 0.6971153846153846 0.08012820512820513 0.052884615384615384
4 0.21474358974358973 0.59375 0.10897435897435898 0.07692307692307693
4 0.21153846153846154 0.6514423076923077 0.08974358974358974 0.055288461538461536
4 0.5032051282051282 0.39663461538461536 0.08653846153846154 0.0673076923076923
3 0.9326923076923077 0.015625 0.07051282051282051 0.03125
4 0.9294871794871795 0.05048076923076923 0.07371794871794872 0.055288461538461536
4 0.907051282051282 0.15384615384615385 0.07692307692307693 0.057692307692307696
4 0.9038461538461539 0.12740384615384615 0.0673076923076923 0.04326923076923077
4 0.9358974358974359 0.21875 0.05448717948717949 0.040865384615384616
4 0.8846153846153846 0.23317307692307693 0.0673076923076923 0.05048076923076923
4 0.8814102564102564 0.2764423076923077 0.057692307692307696 0.040865384615384616
4 0.8076923076923077 0.14903846153846154 0.07371794871794872 0.05048076923076923
4 0.7532051282051282 0.13701923076923078 0.05448717948717949 0.04326923076923077
4 0.8108974358974359 0.2283653846153846 0.05448717948717949 0.040865384615384616
4 0.8044871794871795 0.2668269230769231 0.05448717948717949 0.038461538461538464
4 0.8108974358974359 0.30528846153846156 0.038461538461538464 0.021634615384615384
4 0.7564102564102564 0.21394230769230768 0.0641025641025641 0.05048076923076923
4 0.717948717948718 0.19471153846153846 0.04807692307692308 0.036057692307692304
4 0.7532051282051282 0.25961538461538464 0.041666666666666664 0.03125
4 0.7051282051282052 0.25721153846153844 0.04487179487179487 0.03125