1 0.6217948717948718 0.31009615384615385 0.21153846153846154 0.16346153846153846
2 0.8173076923076923 0.33653846153846156 0.1858974358974359 0.1346153846153846
1 0.6955128205128205 0.4326923076923077 0.16666666666666666 0.11778846153846154
0 0.34294871794871795 0.7427884615384616 0.13141025641025642 0.0985576923076923
2 0.2948717948717949 0.5384615384615384 0.09935897435897435 0.06971153846153846
1 0.36538461538461536 0.53125 0.057692307692307696 0.057692307692307696
0 0.28525641025641024 0.4855769230769231 0.10576923076923077 0.055288461538461536
1 0.1762820512820513 0.43028846153846156 0.08333333333333333 0.055288461538461536
1 0.14102564102564102 0.40384615384615385 0.035256410256410256 0.026442307692307692
1 0.20192307692307693 0.3870192307692308 0.08012820512820513 0.052884615384615384
1 0.28205128205128205 0.4110576923076923 0.1282051282051282 0.09615384615384616
1 0.3333333333333333 0.3894230769230769 0.07051282051282051 0.06490384615384616
1 0.3814102564102564 0.3942307692307692 0.04487179487179487 0.028846153846153848