4 0.9615384615384616 0.5913461538461539 0.07051282051282051 0.12740384615384615
4 0.9006410256410257 0.6081730769230769 0.057692307692307696 0.05048076923076923
4 0.9326923076923077 0.6514423076923077 0.11217948717948718 0.07932692307692307
3 0.27884615384615385 0.4879807692307692 0.1282051282051282 0.09375
3 0.38461538461538464 0.4495192307692308 0.11538461538461539 0.08413461538461539
5 0.41025641025641024 0.4014423076923077 0.11217948717948718 0.07692307692307693
3 0.4551282051282051 0.4567307692307692 0.05128205128205128 0.040865384615384616
5 0.4551282051282051 0.5096153846153846 0.09935897435897435 0.07451923076923077
3 0.532051282051282 0.4423076923076923 0.10897435897435898 0.07692307692307693
4 0.36538461538461536 0.5096153846153846 0.11217948717948718 0.057692307692307696
4 0.3717948717948718 0.5456730769230769 0.10897435897435898 0.052884615384615384
3 0.3525641025641026 0.6225961538461539 0.10897435897435898 0.08413461538461539
4 0.46153846153846156 0.5841346153846154 0.09615384615384616 0.07451923076923077
4 0.49038461538461536 0.6370192307692307 0.08333333333333333 0.06009615384615385
4 0.5160256410256411 0.6586538461538461 0.05128205128205128 0.036057692307692304
3 0.23397435897435898 0.021634615384615384 0.060897435897435896 0.04326923076923077
4 0.25 0.0625 0.04807692307692308 0.040865384615384616
5 0.1987179487179487 0.06009615384615385 0.05448717948717949 0.04567307692307692