4 0.9358974358974359 0.0625 0.08653846153846154 0.07211538461538461
4 0.9358974358974359 0.03365384615384615 0.12179487179487179 0.0673076923076923
5 0.28525641025641024 0.17067307692307693 0.19230769230769232 0.1658653846153846
5 0.4391025641025641 0.31971153846153844 0.27564102564102566 0.2091346153846154
3 0.3301282051282051 0.4831730769230769 0.1891025641025641 0.14182692307692307
4 0.3301282051282051 0.3605769230769231 0.15064102564102563 0.1466346153846154
4 0.5064102564102564 0.5336538461538461 0.1858974358974359 0.13942307692307693
4 0.5641025641025641 0.6274038461538461 0.15064102564102563 0.10817307692307693
4 0.46153846153846156 0.7524038461538461 0.10897435897435898 0.0889423076923077
4 0.4326923076923077 0.6875 0.08012820512820513 0.0673076923076923
4 0.4807692307692308 0.7980769230769231 0.09615384615384616 0.055288461538461536
3 0.1762820512820513 0.7163461538461539 0.07371794871794872 0.04807692307692308
3 0.16987179487179488 0.9663461538461539 0.10576923076923077 0.0625
3 0.14102564102564102 0.9879807692307693 0.09294871794871795 0.016826923076923076