5 0.7628205128205128 0.2860576923076923 0.16346153846153846 0.14182692307692307
3 0.4935897435897436 0.30288461538461536 0.16346153846153846 0.12980769230769232
3 0.4358974358974359 0.28365384615384615 0.10256410256410256 0.10096153846153846
3 0.30128205128205127 0.44711538461538464 0.16346153846153846 0.125
5 0.4166666666666667 0.3798076923076923 0.12179487179487179 0.09375
5 0.09615384615384616 0.38461538461538464 0.17307692307692307 0.12740384615384615
4 0.20833333333333334 0.40384615384615385 0.09935897435897435 0.08653846153846154
4 0.13782051282051283 0.47115384615384615 0.10897435897435898 0.06971153846153846
4 0.8525641025641025 0.38461538461538464 0.16346153846153846 0.12259615384615384
5 0.3333333333333333 0.5048076923076923 0.10256410256410256 0.0625
4 0.6698717948717948 0.4254807692307692 0.12179487179487179 0.09375
4 0.26282051282051283 0.5552884615384616 0.1346153846153846 0.10096153846153846
4 0.21474358974358973 0.5769230769230769 0.125 0.09134615384615384
4 0.3269230769230769 0.6274038461538461 0.09615384615384616 0.07692307692307693
4 0.2403846153846154 0.6370192307692307 0.10576923076923077 0.0625
4 0.717948717948718 0.59375 0.14423076923076922 0.10336538461538461
4 0.6826923076923077 0.6274038461538461 0.09935897435897435 0.07211538461538461
4 0.8685897435897436 0.6298076923076923 0.13141025641025642 0.0985576923076923
4 0.20833333333333334 0.8125 0.057692307692307696 0.057692307692307696
3 0.26282051282051283 0.8125 0.08653846153846154 0.0673076923076923
4 0.016025641025641024 0.3605769230769231 0.03205128205128205 0.0889423076923077
4 0.014423076923076924 0.5288461538461539 0.028846153846153848 0.07211538461538461
5 0.22115384615384615 0.47115384615384615 0.07692307692307693 0.052884615384615384