1 0.08012820512820513 0.19230769230769232 0.16025641025641027 0.10817307692307693
1 0.03685897435897436 0.31850961538461536 0.07371794871794872 0.10817307692307693
1 0.42948717948717946 0.49759615384615385 0.2532051282051282 0.19471153846153846
1 0.6314102564102564 0.6201923076923077 0.27884615384615385 0.21394230769230768
0 0.10256410256410256 0.6346153846153846 0.15064102564102563 0.11057692307692307
2 0.04487179487179487 0.7235576923076923 0.08974358974358974 0.10817307692307693
2 0.09615384615384616 0.75 0.08012820512820513 0.0625
2 0.5352564102564102 0.7379807692307693 0.1282051282051282 0.10096153846153846
1 0.6153846153846154 0.7620192307692307 0.08653846153846154 0.07451923076923077
2 0.7467948717948718 0.8197115384615384 0.15705128205128205 0.1346153846153846
2 0.5032051282051282 0.8389423076923077 0.09935897435897435 0.11538461538461539
2 0.6089743589743589 0.8557692307692307 0.16666666666666666 0.15144230769230768