1 0.38461538461538464 0.08173076923076923 0.060897435897435896 0.06009615384615385
1 0.9775641025641025 0.11057692307692307 0.035256410256410256 0.08413461538461539
1 0.3942307692307692 0.2403846153846154 0.14423076923076922 0.12259615384615384
1 0.22435897435897437 0.25240384615384615 0.1987179487179487 0.14423076923076922
1 0.28205128205128205 0.5625 0.11217948717948718 0.08173076923076923
1 0.17307692307692307 0.5769230769230769 0.10897435897435898 0.07451923076923077
1 0.23076923076923078 0.6274038461538461 0.10256410256410256 0.07692307692307693
2 0.18269230769230768 0.8076923076923077 0.07692307692307693 0.06490384615384616
0 0.9423076923076923 0.8052884615384616 0.08653846153846154 0.0625
1 0.3942307692307692 0.7451923076923077 0.08333333333333333 0.0673076923076923
1 0.42948717948717946 0.7932692307692307 0.10897435897435898 0.0889423076923077
1 0.5576923076923077 0.8389423076923077 0.041666666666666664 0.02403846153846154
1 0.5448717948717948 0.8100961538461539 0.07692307692307693 0.052884615384615384
1 0.4935897435897436 0.7475961538461539 0.10576923076923077 0.0889423076923077
1 0.8141025641025641 0.5360576923076923 0.07692307692307693 0.057692307692307696
1 0.625 0.5745192307692307 0.09615384615384616 0.08413461538461539
1 0.7147435897435898 0.6033653846153846 0.14423076923076922 0.10336538461538461
1 0.8108974358974359 0.5913461538461539 0.0641025641025641 0.057692307692307696
1 0.8621794871794872 0.6105769230769231 0.13141025641025642 0.08413461538461539