3 0.5865384615384616 0.5600961538461539 0.2916666666666667 0.2283653846153846
3 0.46474358974358976 0.4014423076923077 0.1987179487179487 0.15144230769230768
3 0.5256410256410257 0.6346153846153846 0.18269230769230768 0.11298076923076923
5 0.5064102564102564 0.7091346153846154 0.20192307692307693 0.12740384615384615
3 0.6153846153846154 0.31971153846153844 0.15064102564102563 0.12259615384615384
3 0.3269230769230769 0.6057692307692307 0.1987179487179487 0.15865384615384615
4 0.3173076923076923 0.75 0.16666666666666666 0.1346153846153846
4 0.48717948717948717 0.8485576923076923 0.1891025641025641 0.14903846153846154
3 0.19230769230769232 0.3173076923076923 0.11538461538461539 0.13221153846153846
3 0.19230769230769232 0.4831730769230769 0.09935897435897435 0.07692307692307693
4 0.19230769230769232 0.6033653846153846 0.09935897435897435 0.0985576923076923