3 0.6442307692307693 0.33653846153846156 0.25961538461538464 0.20192307692307693
3 0.5801282051282052 0.46153846153846156 0.23076923076923078 0.15144230769230768
5 0.40384615384615385 0.4254807692307692 0.14102564102564102 0.11538461538461539
3 0.34294871794871795 0.5144230769230769 0.1955128205128205 0.12740384615384615
5 0.47435897435897434 0.6298076923076923 0.21474358974358973 0.16346153846153846
5 0.5384615384615384 0.6995192307692307 0.18269230769230768 0.1201923076923077
4 0.6185897435897436 0.6730769230769231 0.08012820512820513 0.0985576923076923
3 0.6698717948717948 0.7932692307692307 0.057692307692307696 0.057692307692307696
5 0.9711538461538461 0.8605769230769231 0.05128205128205128 0.10336538461538461
4 0.6698717948717948 0.9399038461538461 0.16666666666666666 0.11778846153846154
4 0.782051282051282 0.9495192307692307 0.11217948717948718 0.09375