1 0.027243589743589744 0.2920673076923077 0.05448717948717949 0.05048076923076923
1 0.008012820512820512 0.32091346153846156 0.016025641025641024 0.055288461538461536
1 0.532051282051282 0.5072115384615384 0.1282051282051282 0.09615384615384616
2 0.0641025641025641 0.5817307692307693 0.05128205128205128 0.038461538461538464
1 0.022435897435897436 0.5913461538461539 0.04487179487179487 0.036057692307692304
2 0.391025641025641 0.7115384615384616 0.07692307692307693 0.052884615384615384
1 0.34935897435897434 0.7548076923076923 0.07692307692307693 0.06009615384615385
1 0.4198717948717949 0.7548076923076923 0.060897435897435896 0.05048076923076923
0 0.842948717948718 0.8557692307692307 0.07371794871794872 0.0625
1 0.6282051282051282 0.25 0.09294871794871795 0.055288461538461536
1 0.657051282051282 0.22596153846153846 0.07692307692307693 0.055288461538461536
2 0.3141025641025641 0.22355769230769232 0.07051282051282051 0.04567307692307692