3 0.5769230769230769 0.18269230769230768 0.1987179487179487 0.18990384615384615
3 0.6089743589743589 0.2980769230769231 0.16346153846153846 0.13221153846153846
4 0.717948717948718 0.37740384615384615 0.15064102564102563 0.12740384615384615
4 0.5544871794871795 0.4182692307692308 0.14423076923076922 0.12980769230769232
4 0.3942307692307692 0.4230769230769231 0.16666666666666666 0.13701923076923078
4 0.6538461538461539 0.45913461538461536 0.11217948717948718 0.10336538461538461
4 0.7467948717948718 0.4326923076923077 0.09294871794871795 0.0625
4 0.7051282051282052 0.5048076923076923 0.09615384615384616 0.08173076923076923
4 0.5801282051282052 0.5552884615384616 0.10256410256410256 0.08653846153846154
4 0.7083333333333334 0.5793269230769231 0.0673076923076923 0.06490384615384616
4 0.6185897435897436 0.6346153846153846 0.07371794871794872 0.07932692307692307
4 0.4230769230769231 0.5144230769230769 0.12179487179487179 0.09375
4 0.3173076923076923 0.5360576923076923 0.16666666666666666 0.13701923076923078
4 0.26282051282051283 0.6514423076923077 0.14102564102564102 0.12259615384615384