4 0.5833333333333334 0.46634615384615385 0.08974358974358974 0.07451923076923077
4 0.3685897435897436 0.5288461538461539 0.09935897435897435 0.06971153846153846
4 0.3782051282051282 0.5865384615384616 0.07051282051282051 0.04807692307692308
4 0.391025641025641 0.2932692307692308 0.04487179487179487 0.04807692307692308
4 0.5224358974358975 0.6177884615384616 0.057692307692307696 0.04807692307692308
4 0.3685897435897436 0.42788461538461536 0.0673076923076923 0.06009615384615385
4 0.7435897435897436 0.6947115384615384 0.08012820512820513 0.05048076923076923
4 0.33974358974358976 0.4110576923076923 0.060897435897435896 0.04326923076923077
4 0.7371794871794872 0.7355769230769231 0.03205128205128205 0.026442307692307692
4 0.08333333333333333 0.16105769230769232 0.038461538461538464 0.03365384615384615
4 0.21474358974358973 0.3317307692307692 0.038461538461538464 0.03125