3 0.5993589743589743 0.2644230769230769 0.14743589743589744 0.1466346153846154
3 0.28846153846153844 0.2956730769230769 0.15384615384615385 0.12980769230769232
5 0.2980769230769231 0.41586538461538464 0.14743589743589744 0.11778846153846154
4 0.375 0.5504807692307693 0.15064102564102563 0.11538461538461539
4 0.1987179487179487 0.5432692307692307 0.15384615384615385 0.1201923076923077
4 0.10576923076923077 0.6826923076923077 0.14743589743589744 0.10576923076923077
4 0.1955128205128205 0.7956730769230769 0.125 0.10096153846153846
4 0.44871794871794873 0.5889423076923077 0.11538461538461539 0.0985576923076923
4 0.30128205128205127 0.6634615384615384 0.14102564102564102 0.11298076923076923
4 0.3814102564102564 0.6778846153846154 0.09935897435897435 0.09134615384615384
4 0.46474358974358976 0.7596153846153846 0.09615384615384616 0.08653846153846154
4 0.5160256410256411 0.6778846153846154 0.11538461538461539 0.09134615384615384
4 0.5384615384615384 0.6057692307692307 0.09935897435897435 0.07932692307692307
5 0.6057692307692307 0.5 0.14423076923076922 0.09134615384615384
4 0.6826923076923077 0.5264423076923077 0.10897435897435898 0.07932692307692307
4 0.6217948717948718 0.6057692307692307 0.0673076923076923 0.057692307692307696
4 0.6474358974358975 0.6129807692307693 0.10897435897435898 0.08653846153846154
4 0.7051282051282052 0.6394230769230769 0.05448717948717949 0.055288461538461536
4 0.7788461538461539 0.53125 0.10256410256410256 0.06971153846153846
4 0.7948717948717948 0.5817307692307693 0.12179487179487179 0.07932692307692307
4 0.7980769230769231 0.6658653846153846 0.10256410256410256 0.08173076923076923