4 0.18269230769230768 0.05048076923076923 0.10576923076923077 0.07932692307692307
4 0.07211538461538461 0.027644230769230768 0.14423076923076922 0.055288461538461536
3 0.5769230769230769 0.5096153846153846 0.13782051282051283 0.09615384615384616
5 0.3301282051282051 0.5144230769230769 0.14102564102564102 0.10336538461538461
5 0.4551282051282051 0.4855769230769231 0.11858974358974358 0.08413461538461539
4 0.44551282051282054 0.5697115384615384 0.07371794871794872 0.07692307692307693
4 0.5128205128205128 0.5913461538461539 0.12179487179487179 0.09615384615384616
4 0.36217948717948717 0.5841346153846154 0.11858974358974358 0.0889423076923077
5 0.6858974358974359 0.33413461538461536 0.03205128205128205 0.026442307692307692
5 0.7788461538461539 0.38461538461538464 0.041666666666666664 0.03125
4 0.6698717948717948 0.3557692307692308 0.03205128205128205 0.028846153846153848