4 0.40705128205128205 0.375 0.11858974358974358 0.10096153846153846
5 0.40064102564102566 0.47836538461538464 0.16666666666666666 0.12740384615384615
5 0.6442307692307693 0.4831730769230769 0.20192307692307693 0.12740384615384615
4 0.4583333333333333 0.5216346153846154 0.11858974358974358 0.10096153846153846
4 0.38461538461538464 0.5576923076923077 0.041666666666666664 0.03365384615384615
4 0.5032051282051282 0.5456730769230769 0.09294871794871795 0.08173076923076923
4 0.6314102564102564 0.5576923076923077 0.11858974358974358 0.040865384615384616
4 0.6089743589743589 0.6346153846153846 0.15705128205128205 0.11538461538461539
4 0.7051282051282052 0.6298076923076923 0.09294871794871795 0.09375
4 0.592948717948718 0.7307692307692307 0.13141025641025642 0.09134615384615384
4 0.6025641025641025 0.8197115384615384 0.10897435897435898 0.0889423076923077
3 0.3557692307692308 0.8701923076923077 0.05448717948717949 0.052884615384615384
3 0.4166666666666667 0.8197115384615384 0.035256410256410256 0.038461538461538464
4 0.6602564102564102 0.8509615384615384 0.08012820512820513 0.06971153846153846
4 0.7307692307692307 0.8052884615384616 0.09294871794871795 0.07451923076923077
4 0.875 0.9326923076923077 0.04487179487179487 0.052884615384615384
4 0.8814102564102564 0.9807692307692307 0.07051282051282051 0.036057692307692304
3 0.8076923076923077 0.8269230769230769 0.038461538461538464 0.04807692307692308
3 0.8044871794871795 0.6730769230769231 0.07371794871794872 0.05048076923076923
5 0.7307692307692307 0.7379807692307693 0.05448717948717949 0.04326923076923077
4 0.47435897435897434 0.5841346153846154 0.05128205128205128 0.026442307692307692