1 0.40705128205128205 0.37740384615384615 0.24358974358974358 0.17548076923076922
1 0.23076923076923078 0.5216346153846154 0.1282051282051282 0.0985576923076923
1 0.4358974358974359 0.6033653846153846 0.34935897435897434 0.25240384615384615
1 0.18269230769230768 0.7139423076923077 0.08012820512820513 0.0625
1 0.2467948717948718 0.7139423076923077 0.060897435897435896 0.05048076923076923
1 0.23076923076923078 0.7596153846153846 0.07371794871794872 0.052884615384615384
2 0.1987179487179487 0.90625 0.14102564102564102 0.10576923076923077
1 0.15064102564102563 0.9759615384615384 0.09294871794871795 0.04326923076923077
2 0.11538461538461539 0.9350961538461539 0.041666666666666664 0.07932692307692307
1 0.10897435897435898 0.8725961538461539 0.035256410256410256 0.04326923076923077
1 0.09935897435897435 0.8389423076923077 0.022435897435897436 0.03365384615384615
1 0.14102564102564102 0.84375 0.05448717948717949 0.04326923076923077
1 0.9615384615384616 0.4567307692307692 0.0673076923076923 0.04567307692307692
1 0.6442307692307693 0.5625 0.041666666666666664 0.03365384615384615
1 0.6826923076923077 0.5793269230769231 0.035256410256410256 0.026442307692307692