4 0.14102564102564102 0.25 0.05128205128205128 0.038461538461538464
4 0.23397435897435898 0.3629807692307692 0.035256410256410256 0.03125
4 0.2467948717948718 0.39663461538461536 0.038461538461538464 0.026442307692307692
4 0.36538461538461536 0.37259615384615385 0.18269230769230768 0.13942307692307693
4 0.5192307692307693 0.4254807692307692 0.12179487179487179 0.10096153846153846
4 0.4519230769230769 0.46875 0.16025641025641027 0.11538461538461539
4 0.6282051282051282 0.5528846153846154 0.08333333333333333 0.06971153846153846
4 0.532051282051282 0.5649038461538461 0.14102564102564102 0.11298076923076923
4 0.5961538461538461 0.6442307692307693 0.11217948717948718 0.09375
4 0.625 0.6971153846153846 0.11858974358974358 0.07932692307692307
3 0.9455128205128205 0.6850961538461539 0.04487179487179487 0.028846153846153848