4 0.7275641025641025 0.038461538461538464 0.11217948717948718 0.07692307692307693
4 0.6858974358974359 0.09615384615384616 0.08012820512820513 0.06971153846153846
4 0.657051282051282 0.12980769230769232 0.03205128205128205 0.02403846153846154
3 0.5544871794871795 0.13942307692307693 0.11217948717948718 0.0985576923076923
3 0.358974358974359 0.15865384615384615 0.09294871794871795 0.08173076923076923
3 0.5256410256410257 0.21153846153846154 0.09294871794871795 0.0889423076923077
3 0.46794871794871795 0.2403846153846154 0.07692307692307693 0.08173076923076923
3 0.32051282051282054 0.24519230769230768 0.11858974358974358 0.09375
5 0.358974358974359 0.2980769230769231 0.10897435897435898 0.06971153846153846
5 0.32371794871794873 0.34615384615384615 0.11538461538461539 0.0889423076923077
4 0.4551282051282051 0.3125 0.08974358974358974 0.06971153846153846
4 0.41346153846153844 0.3581730769230769 0.07692307692307693 0.04326923076923077
4 0.4326923076923077 0.3918269230769231 0.09615384615384616 0.06971153846153846
4 0.34615384615384615 0.4206730769230769 0.09935897435897435 0.0673076923076923
4 0.375 0.43990384615384615 0.07371794871794872 0.05048076923076923
4 0.42948717948717946 0.44471153846153844 0.057692307692307696 0.04326923076923077
4 0.4391025641025641 0.49278846153846156 0.09294871794871795 0.0673076923076923
4 0.38461538461538464 0.4951923076923077 0.041666666666666664 0.05048076923076923
3 0.08653846153846154 0.40865384615384615 0.035256410256410256 0.02403846153846154
4 0.4198717948717949 0.5480769230769231 0.07692307692307693 0.052884615384615384
4 0.3333333333333333 0.5649038461538461 0.0673076923076923 0.04807692307692308
4 0.3782051282051282 0.5913461538461539 0.057692307692307696 0.04567307692307692
4 0.9839743589743589 0.9254807692307693 0.02564102564102564 0.052884615384615384
3 0.42628205128205127 0.7740384615384616 0.11858974358974358 0.09375
3 0.5 0.7572115384615384 0.0673076923076923 0.057692307692307696
3 0.6025641025641025 0.8125 0.08012820512820513 0.07692307692307693
3 0.5352564102564102 0.8221153846153846 0.11858974358974358 0.09615384615384616
3 0.5160256410256411 0.9254807692307693 0.14102564102564102 0.11778846153846154
3 0.028846153846153848 0.6177884615384616 0.05448717948717949 0.04807692307692308
3 0.0673076923076923 0.5841346153846154 0.057692307692307696 0.036057692307692304