4 0.9551282051282052 0.625 0.08333333333333333 0.09134615384615384
4 0.8717948717948718 0.6298076923076923 0.11217948717948718 0.07692307692307693
3 0.9519230769230769 0.96875 0.07692307692307693 0.055288461538461536
4 0.7660256410256411 0.6802884615384616 0.07051282051282051 0.057692307692307696
4 0.7339743589743589 0.7115384615384616 0.05128205128205128 0.040865384615384616
4 0.7307692307692307 0.6009615384615384 0.057692307692307696 0.04567307692307692
4 0.6858974358974359 0.6394230769230769 0.0673076923076923 0.05048076923076923
3 0.6891025641025641 0.2980769230769231 0.1987179487179487 0.15384615384615385
3 0.3525641025641026 0.3125 0.22435897435897437 0.1658653846153846
3 0.02564102564102564 0.6610576923076923 0.05128205128205128 0.10336538461538461
4 0.5769230769230769 0.43028846153846156 0.16346153846153846 0.12259615384615384
4 0.3717948717948718 0.5144230769230769 0.1858974358974359 0.13221153846153846
4 0.5544871794871795 0.6394230769230769 0.15064102564102563 0.11538461538461539
4 0.40064102564102566 0.7115384615384616 0.15705128205128205 0.11538461538461539
4 0.5608974358974359 0.8028846153846154 0.14743589743589744 0.11298076923076923
4 0.5801282051282052 0.8677884615384616 0.08974358974358974 0.05048076923076923
4 0.4935897435897436 0.8413461538461539 0.08974358974358974 0.08413461538461539
4 0.42628205128205127 0.8052884615384616 0.125 0.09375