3 0.04807692307692308 0.6706730769230769 0.09294871794871795 0.04567307692307692
3 0.04807692307692308 0.7379807692307693 0.09615384615384616 0.1201923076923077
3 0.13141025641025642 0.7932692307692307 0.14423076923076922 0.11057692307692307
3 0.3782051282051282 0.4495192307692308 0.09935897435897435 0.07211538461538461
3 0.4551282051282051 0.5096153846153846 0.125 0.09375
5 0.3525641025641026 0.5336538461538461 0.10897435897435898 0.08173076923076923
5 0.4519230769230769 0.59375 0.10897435897435898 0.08173076923076923
5 0.3942307692307692 0.6370192307692307 0.11217948717948718 0.09615384615384616
4 0.32051282051282054 0.625 0.08333333333333333 0.07211538461538461
4 0.3333333333333333 0.7019230769230769 0.07051282051282051 0.06490384615384616
4 0.3782051282051282 0.7283653846153846 0.09935897435897435 0.08653846153846154
5 0.4935897435897436 0.7163461538461539 0.15064102564102563 0.10576923076923077
4 0.625 0.7884615384615384 0.14423076923076922 0.10576923076923077
5 0.5865384615384616 0.4639423076923077 0.13782051282051283 0.09615384615384616
5 0.6602564102564102 0.47596153846153844 0.0641025641025641 0.06971153846153846
4 0.7083333333333334 0.42788461538461536 0.07692307692307693 0.055288461538461536
4 0.046474358974358976 0.9759615384615384 0.09294871794871795 0.04326923076923077
4 0.060897435897435896 0.16826923076923078 0.03205128205128205 0.02403846153846154
3 0.009615384615384616 0.18028846153846154 0.019230769230769232 0.03125
5 0.14102564102564102 0.15865384615384615 0.019230769230769232 0.02403846153846154
5 0.07371794871794872 0.16826923076923078 0.03205128205128205 0.026442307692307692
4 0.22435897435897437 0.16826923076923078 0.028846153846153848 0.026442307692307692
5 0.23397435897435898 0.18028846153846154 0.028846153846153848 0.021634615384615384