3 0.5705128205128205 0.0889423076923077 0.20512820512820512 0.1778846153846154
3 0.38782051282051283 0.18269230769230768 0.16025641025641027 0.14423076923076922
3 0.020833333333333332 0.10576923076923077 0.041666666666666664 0.08173076923076923
4 0.02403846153846154 0.1971153846153846 0.04807692307692308 0.0673076923076923
5 0.2532051282051282 0.25240384615384615 0.16025641025641027 0.125
4 0.035256410256410256 0.2548076923076923 0.07051282051282051 0.057692307692307696
4 0.038461538461538464 0.2956730769230769 0.07051282051282051 0.04326923076923077
3 0.5993589743589743 0.3173076923076923 0.17307692307692307 0.1346153846153846
4 0.375 0.3389423076923077 0.15064102564102563 0.11298076923076923
3 0.4551282051282051 0.39663461538461536 0.14102564102564102 0.11538461538461539
4 0.25 0.38221153846153844 0.13782051282051283 0.11057692307692307
3 0.22756410256410256 0.4375 0.09294871794871795 0.055288461538461536
5 0.5769230769230769 0.43509615384615385 0.15384615384615385 0.11057692307692307
4 0.09294871794871795 0.40625 0.07692307692307693 0.052884615384615384
4 0.019230769230769232 0.3798076923076923 0.038461538461538464 0.052884615384615384
4 0.011217948717948718 0.42908653846153844 0.022435897435897436 0.040865384615384616
4 0.05448717948717949 0.46153846153846156 0.07051282051282051 0.052884615384615384
4 0.1282051282051282 0.4735576923076923 0.05448717948717949 0.040865384615384616
4 0.25 0.49759615384615385 0.09935897435897435 0.0889423076923077
4 0.3333333333333333 0.5192307692307693 0.13782051282051283 0.10576923076923077
4 0.4391025641025641 0.49278846153846156 0.12179487179487179 0.0985576923076923
4 0.0641025641025641 0.5048076923076923 0.041666666666666664 0.03125
4 0.019230769230769232 0.5552884615384616 0.038461538461538464 0.03125
4 0.2724358974358974 0.5600961538461539 0.07371794871794872 0.036057692307692304
4 0.4166666666666667 0.6081730769230769 0.10576923076923077 0.09375
4 0.3301282051282051 0.6225961538461539 0.10256410256410256 0.08413461538461539
4 0.5416666666666666 0.5841346153846154 0.125 0.09615384615384616
4 0.2467948717948718 0.6394230769230769 0.07371794871794872 0.06009615384615385
4 0.5256410256410257 0.6754807692307693 0.10897435897435898 0.08653846153846154
4 0.4166666666666667 0.7451923076923077 0.09615384615384616 0.07932692307692307
4 0.5256410256410257 0.7908653846153846 0.07051282051282051 0.0625
3 0.5673076923076923 0.9399038461538461 0.057692307692307696 0.05048076923076923