3 0.6826923076923077 0.24519230769230768 0.16346153846153846 0.15865384615384615
4 0.6410256410256411 0.4014423076923077 0.14743589743589744 0.14182692307692307
4 0.6121794871794872 0.5384615384615384 0.14423076923076922 0.12980769230769232
5 0.4326923076923077 0.3317307692307692 0.14102564102564102 0.13942307692307693
4 0.4166666666666667 0.46153846153846156 0.1346153846153846 0.12740384615384615
4 0.3717948717948718 0.5769230769230769 0.13782051282051283 0.10336538461538461
4 0.5737179487179487 0.6923076923076923 0.1282051282051282 0.125
4 0.5 0.8076923076923077 0.09935897435897435 0.0985576923076923
4 0.391025641025641 0.6850961538461539 0.12179487179487179 0.11298076923076923
4 0.3301282051282051 0.7764423076923077 0.10897435897435898 0.10576923076923077
4 0.41025641025641024 0.8509615384615384 0.10256410256410256 0.10576923076923077