5 0.34615384615384615 0.34375 0.2467948717948718 0.1778846153846154
3 0.6185897435897436 0.2956730769230769 0.2564102564102564 0.20192307692307693
4 0.6538461538461539 0.43509615384615385 0.1346153846153846 0.10817307692307693
4 0.5576923076923077 0.46875 0.21153846153846154 0.15144230769230768
4 0.2980769230769231 0.5576923076923077 0.20192307692307693 0.14423076923076922
4 0.5480769230769231 0.6201923076923077 0.16666666666666666 0.1201923076923077
4 0.5 0.71875 0.12179487179487179 0.09615384615384616
3 0.40705128205128205 0.6586538461538461 0.09615384615384616 0.06971153846153846
3 0.34294871794871795 0.6514423076923077 0.08012820512820513 0.06490384615384616
3 0.36538461538461536 0.7163461538461539 0.11538461538461539 0.07451923076923077
4 0.3557692307692308 0.7668269230769231 0.09935897435897435 0.07451923076923077
4 0.027243589743589744 0.6382211538461539 0.05448717948717949 0.04567307692307692
4 0.10897435897435898 0.6634615384615384 0.04487179487179487 0.03365384615384615
5 0.23397435897435898 0.78125 0.08653846153846154 0.07211538461538461
4 0.4358974358974359 0.7524038461538461 0.0673076923076923 0.0625
3 0.3141025641025641 0.8293269230769231 0.041666666666666664 0.03365384615384615
4 0.44871794871794873 0.8076923076923077 0.038461538461538464 0.038461538461538464
4 0.16666666666666666 0.8052884615384616 0.08012820512820513 0.06009615384615385
4 0.1762820512820513 0.8389423076923077 0.0641025641025641 0.04567307692307692
4 0.07051282051282051 0.5841346153846154 0.060897435897435896 0.052884615384615384
4 0.49038461538461536 0.5456730769230769 0.08974358974358974 0.055288461538461536
4 0.6057692307692307 0.5600961538461539 0.060897435897435896 0.02403846153846154