3 0.6891025641025641 0.4230769230769231 0.16666666666666666 0.12740384615384615
5 0.3942307692307692 0.28846153846153844 0.21794871794871795 0.18028846153846154
4 0.6057692307692307 0.5120192307692307 0.19230769230769232 0.13942307692307693
4 0.40064102564102566 0.5552884615384616 0.13141025641025642 0.11538461538461539
4 0.27884615384615385 0.5360576923076923 0.22115384615384615 0.15625
4 0.49038461538461536 0.7067307692307693 0.16666666666666666 0.13701923076923078
4 0.3942307692307692 0.8245192307692307 0.14423076923076922 0.125
4 0.4230769230769231 0.7668269230769231 0.08653846153846154 0.0673076923076923
4 0.8717948717948718 0.4423076923076923 0.10576923076923077 0.09134615384615384
4 0.3974358974358974 0.6802884615384616 0.1282051282051282 0.10817307692307693
5 0.6538461538461539 0.21875 0.09615384615384616 0.09134615384615384