3 0.5288461538461539 0.45913461538461536 0.16987179487179488 0.11538461538461539
3 0.4358974358974359 0.33413461538461536 0.125 0.08653846153846154
3 0.2916666666666667 0.23076923076923078 0.1346153846153846 0.10096153846153846
5 0.2403846153846154 0.27403846153846156 0.09615384615384616 0.07692307692307693
5 0.8685897435897436 0.4567307692307692 0.18269230769230768 0.12740384615384615
4 0.9102564102564102 0.625 0.16987179487179488 0.125
4 0.8333333333333334 0.7451923076923077 0.15384615384615385 0.1201923076923077
4 0.6794871794871795 0.6995192307692307 0.14102564102564102 0.11298076923076923
4 0.6282051282051282 0.5817307692307693 0.15064102564102563 0.10336538461538461
4 0.5192307692307693 0.5144230769230769 0.12179487179487179 0.04326923076923077
4 0.5448717948717948 0.3605769230769231 0.12179487179487179 0.09134615384615384
4 0.41025641025641024 0.4230769230769231 0.11538461538461539 0.07451923076923077
4 0.3814102564102564 0.5048076923076923 0.10256410256410256 0.06971153846153846
4 0.4519230769230769 0.5841346153846154 0.10897435897435898 0.08413461538461539
4 0.38782051282051283 0.5793269230769231 0.05128205128205128 0.06490384615384616
4 0.10576923076923077 0.4254807692307692 0.07371794871794872 0.06490384615384616
4 0.15705128205128205 0.43990384615384615 0.11858974358974358 0.07932692307692307
4 0.15384615384615385 0.35336538461538464 0.07371794871794872 0.06971153846153846
4 0.22115384615384615 0.3485576923076923 0.1282051282051282 0.08653846153846154