4 0.9567307692307693 0.030048076923076924 0.08012820512820513 0.06009615384615385
4 0.9839743589743589 0.16105769230769232 0.028846153846153848 0.04807692307692308
4 0.9455128205128205 0.1466346153846154 0.041666666666666664 0.03125
4 0.8942307692307693 0.09375 0.057692307692307696 0.057692307692307696
4 0.8461538461538461 0.09615384615384616 0.07051282051282051 0.055288461538461536
4 0.8846153846153846 0.21394230769230768 0.035256410256410256 0.02403846153846154
4 0.9423076923076923 0.28846153846153844 0.028846153846153848 0.019230769230769232
4 0.782051282051282 0.13221153846153846 0.038461538461538464 0.03365384615384615
4 0.7403846153846154 0.06009615384615385 0.0641025641025641 0.055288461538461536
4 0.6538461538461539 0.10576923076923077 0.0641025641025641 0.052884615384615384
4 0.5897435897435898 0.07211538461538461 0.041666666666666664 0.038461538461538464
4 0.8717948717948718 0.28365384615384615 0.019230769230769232 0.014423076923076924
4 0.6666666666666666 0.28846153846153844 0.0673076923076923 0.052884615384615384
4 0.5865384615384616 0.24519230769230768 0.07692307692307693 0.06490384615384616
4 0.6153846153846154 0.3317307692307692 0.07051282051282051 0.052884615384615384
4 0.5384615384615384 0.30528846153846156 0.08333333333333333 0.0625
4 0.4807692307692308 0.27403846153846156 0.08974358974358974 0.07451923076923077
5 0.4391025641025641 0.20192307692307693 0.07692307692307693 0.0625
4 0.5352564102564102 0.37259615384615385 0.04487179487179487 0.036057692307692304
4 0.5032051282051282 0.3701923076923077 0.04487179487179487 0.03125
5 0.30128205128205127 0.2091346153846154 0.07371794871794872 0.06009615384615385
5 0.2980769230769231 0.2932692307692308 0.07692307692307693 0.057692307692307696
5 0.3301282051282051 0.3317307692307692 0.08653846153846154 0.0625
4 0.28205128205128205 0.3605769230769231 0.04807692307692308 0.028846153846153848
4 0.2564102564102564 0.31971153846153844 0.057692307692307696 0.040865384615384616
5 0.4423076923076923 0.38221153846153844 0.09615384615384616 0.06490384615384616
5 0.4583333333333333 0.46153846153846156 0.09294871794871795 0.0673076923076923
5 0.34935897435897434 0.4182692307692308 0.09294871794871795 0.0625
4 0.4326923076923077 0.5384615384615384 0.07371794871794872 0.052884615384615384
4 0.4967948717948718 0.46634615384615385 0.04487179487179487 0.04807692307692308
4 0.34615384615384615 0.4855769230769231 0.08012820512820513 0.052884615384615384
4 0.3525641025641026 0.5408653846153846 0.07051282051282051 0.052884615384615384
3 0.3108974358974359 0.6177884615384616 0.08653846153846154 0.07211538461538461
4 0.47115384615384615 0.6682692307692307 0.09294871794871795 0.07692307692307693
5 0.40705128205128205 0.7307692307692307 0.10897435897435898 0.08653846153846154
5 0.32371794871794873 0.65625 0.0641025641025641 0.026442307692307692
5 0.27884615384615385 0.7427884615384616 0.09615384615384616 0.07451923076923077
4 0.44871794871794873 0.7572115384615384 0.08653846153846154 0.06971153846153846
4 0.38782051282051283 0.7932692307692307 0.0673076923076923 0.05048076923076923
4 0.30128205128205127 0.8100961538461539 0.08333333333333333 0.0673076923076923
4 0.4358974358974359 0.6346153846153846 0.057692307692307696 0.052884615384615384
4 0.6057692307692307 0.5841346153846154 0.08974358974358974 0.0673076923076923
5 0.5993589743589743 0.5024038461538461 0.08333333333333333 0.0673076923076923
4 0.7435897435897436 0.5168269230769231 0.08012820512820513 0.06009615384615385