3 0.38782051282051283 0.4230769230769231 0.08653846153846154 0.06009615384615385
3 0.3525641025641026 0.4567307692307692 0.10897435897435898 0.07932692307692307
3 0.5608974358974359 0.3125 0.08653846153846154 0.06490384615384616
3 0.09935897435897435 0.27884615384615385 0.07051282051282051 0.057692307692307696
5 0.04807692307692308 0.28365384615384615 0.05128205128205128 0.04567307692307692
4 0.1282051282051282 0.3389423076923077 0.057692307692307696 0.04567307692307692
4 0.07051282051282051 0.3557692307692308 0.05448717948717949 0.04326923076923077
4 0.1346153846153846 0.3798076923076923 0.057692307692307696 0.036057692307692304
4 0.07692307692307693 0.3894230769230769 0.05128205128205128 0.03365384615384615
4 0.125 0.41586538461538464 0.04807692307692308 0.03365384615384615
4 0.09294871794871795 0.4254807692307692 0.041666666666666664 0.028846153846153848
3 0.7564102564102564 0.3004807692307692 0.08012820512820513 0.07211538461538461
5 0.6282051282051282 0.38461538461538464 0.07051282051282051 0.052884615384615384
5 0.7788461538461539 0.4014423076923077 0.07692307692307693 0.055288461538461536
3 0.5737179487179487 0.5048076923076923 0.08012820512820513 0.06490384615384616
4 0.6602564102564102 0.47596153846153844 0.05128205128205128 0.038461538461538464
4 0.7532051282051282 0.44711538461538464 0.060897435897435896 0.04326923076923077
3 0.44871794871794873 0.5288461538461539 0.07371794871794872 0.057692307692307696
5 0.5737179487179487 0.5456730769230769 0.0673076923076923 0.04567307692307692
5 0.3685897435897436 0.5336538461538461 0.09294871794871795 0.06971153846153846
4 0.6282051282051282 0.59375 0.07371794871794872 0.06009615384615385
4 0.5673076923076923 0.6009615384615384 0.05128205128205128 0.04326923076923077
5 0.5032051282051282 0.6057692307692307 0.08333333333333333 0.055288461538461536
4 0.6634615384615384 0.6971153846153846 0.0673076923076923 0.052884615384615384
4 0.44551282051282054 0.6298076923076923 0.07051282051282051 0.04807692307692308
4 0.6602564102564102 0.8197115384615384 0.019230769230769232 0.019230769230769232
3 0.6762820512820513 0.9879807692307693 0.05448717948717949 0.021634615384615384
4 0.5256410256410257 0.7980769230769231 0.04807692307692308 0.036057692307692304
4 0.46794871794871795 0.6850961538461539 0.07051282051282051 0.055288461538461536
4 0.30448717948717946 0.6322115384615384 0.07692307692307693 0.057692307692307696
4 0.33653846153846156 0.7043269230769231 0.038461538461538464 0.03125
4 0.25961538461538464 0.7283653846153846 0.057692307692307696 0.04567307692307692
3 0.016025641025641024 0.65625 0.03205128205128205 0.040865384615384616
5 0.09935897435897435 0.7307692307692307 0.05448717948717949 0.036057692307692304
4 0.14743589743589744 0.7427884615384616 0.041666666666666664 0.03365384615384615
4 0.028846153846153848 0.7019230769230769 0.04487179487179487 0.028846153846153848
5 0.1891025641025641 0.6923076923076923 0.04807692307692308 0.036057692307692304
4 0.23076923076923078 0.6298076923076923 0.038461538461538464 0.03365384615384615
4 0.22115384615384615 0.6682692307692307 0.035256410256410256 0.028846153846153848
5 0.1794871794871795 0.6658653846153846 0.04487179487179487 0.026442307692307692
4 0.1891025641025641 0.6346153846153846 0.04487179487179487 0.02403846153846154
4 0.26282051282051283 0.6730769230769231 0.02564102564102564 0.021634615384615384
4 0.05448717948717949 0.6586538461538461 0.035256410256410256 0.028846153846153848
4 0.01282051282051282 0.7331730769230769 0.02564102564102564 0.028846153846153848
4 0.03205128205128205 0.8052884615384616 0.028846153846153848 0.02403846153846154
5 0.09935897435897435 0.625 0.04487179487179487 0.028846153846153848
4 0.07051282051282051 0.6201923076923077 0.022435897435897436 0.019230769230769232
4 0.2916666666666667 0.6610576923076923 0.035256410256410256 0.021634615384615384
4 0.22756410256410256 0.7115384615384616 0.03205128205128205 0.02403846153846154
4 0.2403846153846154 0.7980769230769231 0.016025641025641024 0.014423076923076924