3 0.3301282051282051 0.27403846153846156 0.16025641025641027 0.11538461538461539
5 0.32371794871794873 0.3798076923076923 0.15064102564102563 0.10576923076923077
4 0.34294871794871795 0.5144230769230769 0.11538461538461539 0.09375
4 0.5256410256410257 0.4326923076923077 0.11858974358974358 0.10096153846153846
4 0.4358974358974359 0.40865384615384615 0.028846153846153848 0.028846153846153848
4 0.375 0.43509615384615385 0.041666666666666664 0.038461538461538464
4 0.41025641025641024 0.3701923076923077 0.038461538461538464 0.05048076923076923
4 0.4230769230769231 0.39903846153846156 0.0641025641025641 0.05048076923076923
4 0.5448717948717948 0.5673076923076923 0.10576923076923077 0.09615384615384616
4 0.4230769230769231 0.4519230769230769 0.038461538461538464 0.040865384615384616
4 0.4519230769230769 0.4254807692307692 0.035256410256410256 0.040865384615384616
4 0.42628205128205127 0.6322115384615384 0.07692307692307693 0.0985576923076923
4 0.625 0.6658653846153846 0.060897435897435896 0.055288461538461536
4 0.5705128205128205 0.7403846153846154 0.09615384615384616 0.08413461538461539
4 0.5096153846153846 0.7331730769230769 0.0641025641025641 0.0673076923076923
4 0.4935897435897436 0.8004807692307693 0.07692307692307693 0.07692307692307693
4 0.6057692307692307 0.8485576923076923 0.07051282051282051 0.08413461538461539
5 0.625 0.9711538461538461 0.05448717948717949 0.05048076923076923
5 0.9262820512820513 0.31009615384615385 0.0673076923076923 0.04807692307692308
4 0.9423076923076923 0.33413461538461536 0.05448717948717949 0.04567307692307692
4 0.9647435897435898 0.36778846153846156 0.057692307692307696 0.04807692307692308
4 0.967948717948718 0.40865384615384615 0.057692307692307696 0.040865384615384616
4 0.9615384615384616 0.4543269230769231 0.05128205128205128 0.040865384615384616
4 0.9775641025641025 0.47596153846153844 0.041666666666666664 0.036057692307692304
4 0.9519230769230769 0.49038461538461536 0.03205128205128205 0.03125
4 0.6826923076923077 0.9471153846153846 0.05448717948717949 0.05048076923076923