1 0.6506410256410257 0.20432692307692307 0.05128205128205128 0.036057692307692304
1 0.6185897435897436 0.17548076923076922 0.09294871794871795 0.07692307692307693
1 0.6730769230769231 0.11057692307692307 0.08974358974358974 0.10096153846153846
1 0.6041666666666666 0.06850961538461539 0.16346153846153846 0.13701923076923078
1 0.9391025641025641 0.14423076923076922 0.04487179487179487 0.028846153846153848
1 0.8942307692307693 0.13942307692307693 0.022435897435897436 0.016826923076923076
1 0.8814102564102564 0.5528846153846154 0.041666666666666664 0.03365384615384615
1 0.3782051282051282 0.7644230769230769 0.22115384615384615 0.19230769230769232
1 0.23397435897435898 0.84375 0.09294871794871795 0.0673076923076923
1 0.23397435897435898 0.7620192307692307 0.12179487179487179 0.0889423076923077
1 0.16987179487179488 0.7596153846153846 0.1346153846153846 0.11538461538461539
1 0.8557692307692307 0.16346153846153846 0.022435897435897436 0.016826923076923076