5 0.2980769230769231 0.3389423076923077 0.16666666666666666 0.13221153846153846
5 0.34294871794871795 0.4375 0.125 0.09615384615384616
4 0.4583333333333333 0.5576923076923077 0.057692307692307696 0.08413461538461539
4 0.391025641025641 0.5625 0.13141025641025642 0.10576923076923077
4 0.483974358974359 0.6394230769230769 0.09294871794871795 0.0673076923076923
4 0.47435897435897434 0.6850961538461539 0.11858974358974358 0.0985576923076923
4 0.5128205128205128 0.7596153846153846 0.09935897435897435 0.08173076923076923
4 0.5096153846153846 0.8293269230769231 0.08653846153846154 0.0673076923076923
4 0.46153846153846156 0.8100961538461539 0.04807692307692308 0.055288461538461536
5 0.7275641025641025 0.5841346153846154 0.0641025641025641 0.04326923076923077
3 0.7403846153846154 0.5288461538461539 0.057692307692307696 0.040865384615384616
5 0.6538461538461539 0.5336538461538461 0.060897435897435896 0.04326923076923077
4 0.625 0.5769230769230769 0.05448717948717949 0.038461538461538464
4 0.5993589743589743 0.6201923076923077 0.05128205128205128 0.036057692307692304
4 0.7051282051282052 0.6346153846153846 0.060897435897435896 0.03365384615384615
4 0.6923076923076923 0.6754807692307693 0.04807692307692308 0.03365384615384615
5 0.6666666666666666 0.5072115384615384 0.057692307692307696 0.036057692307692304