5 0.8814102564102564 0.4326923076923077 0.23076923076923078 0.16346153846153846
4 0.8365384615384616 0.6394230769230769 0.22435897435897437 0.15144230769230768
4 0.7564102564102564 0.7764423076923077 0.16987179487179488 0.14182692307692307
3 0.6794871794871795 0.33413461538461536 0.1794871794871795 0.12980769230769232
3 0.6185897435897436 0.4423076923076923 0.16346153846153846 0.11298076923076923
4 0.6153846153846154 0.5432692307692307 0.17307692307692307 0.12980769230769232
4 0.5705128205128205 0.6778846153846154 0.16346153846153846 0.11538461538461539
4 0.5384615384615384 0.5528846153846154 0.10256410256410256 0.10817307692307693
4 0.5160256410256411 0.6442307692307693 0.10897435897435898 0.09615384615384616
4 0.4358974358974359 0.6850961538461539 0.09935897435897435 0.06971153846153846
4 0.38461538461538464 0.6298076923076923 0.11858974358974358 0.07932692307692307
3 0.4198717948717949 0.46875 0.125 0.08413461538461539
4 0.4551282051282051 0.39903846153846156 0.125 0.10096153846153846
4 0.391025641025641 0.5144230769230769 0.1282051282051282 0.09134615384615384
4 0.28205128205128205 0.5240384615384616 0.11217948717948718 0.0889423076923077
4 0.20512820512820512 0.5649038461538461 0.10897435897435898 0.07451923076923077
5 0.20833333333333334 0.3701923076923077 0.125 0.0985576923076923
4 0.14743589743589744 0.43990384615384615 0.10576923076923077 0.08173076923076923
4 0.1346153846153846 0.5264423076923077 0.10256410256410256 0.0625