2 0.6442307692307693 0.6225961538461539 0.20192307692307693 0.15625
0 0.48717948717948717 0.5745192307692307 0.16987179487179488 0.12259615384615384
1 0.2467948717948718 0.46634615384615385 0.04487179487179487 0.028846153846153848
0 0.23076923076923078 0.4375 0.0641025641025641 0.04807692307692308
1 0.20833333333333334 0.36538461538461536 0.05128205128205128 0.038461538461538464
0 0.23397435897435898 0.33653846153846156 0.060897435897435896 0.04567307692307692
1 0.1762820512820513 0.25240384615384615 0.07692307692307693 0.07451923076923077
1 0.1282051282051282 0.27403846153846156 0.0673076923076923 0.05048076923076923
0 0.9134615384615384 0.3870192307692308 0.1346153846153846 0.07451923076923077
2 0.9423076923076923 0.43028846153846156 0.08333333333333333 0.057692307692307696
1 0.6987179487179487 0.0625 0.08012820512820513 0.06009615384615385
1 0.7083333333333334 0.10576923076923077 0.07692307692307693 0.057692307692307696
1 0.07371794871794872 0.15865384615384615 0.041666666666666664 0.03125
1 0.04487179487179487 0.057692307692307696 0.05448717948717949 0.040865384615384616
1 0.041666666666666664 0.17067307692307693 0.05128205128205128 0.03365384615384615
1 0.20512820512820512 0.028846153846153848 0.05448717948717949 0.04807692307692308