4 0.7884615384615384 0.6514423076923077 0.10576923076923077 0.11057692307692307
4 0.7339743589743589 0.7668269230769231 0.10256410256410256 0.10336538461538461
4 0.5544871794871795 0.7091346153846154 0.11217948717948718 0.11538461538461539
4 0.5673076923076923 0.7548076923076923 0.08333333333333333 0.08173076923076923
4 0.5480769230769231 0.47836538461538464 0.20192307692307693 0.19951923076923078
4 0.3814102564102564 0.5697115384615384 0.16025641025641027 0.16105769230769232
4 0.36538461538461536 0.40625 0.20833333333333334 0.17307692307692307
4 0.21794871794871795 0.5889423076923077 0.14743589743589744 0.11298076923076923
4 0.1762820512820513 0.5144230769230769 0.22756410256410256 0.18990384615384615
4 0.06570512820512821 0.39783653846153844 0.13141025641025642 0.1658653846153846
4 0.05128205128205128 0.5024038461538461 0.10256410256410256 0.11538461538461539