5 0.4358974358974359 0.46875 0.2724358974358974 0.19471153846153846
4 0.2532051282051282 0.8413461538461539 0.24358974358974358 0.19230769230769232
4 0.11217948717948718 0.9254807692307693 0.22115384615384615 0.14423076923076922
4 0.875 0.06009615384615385 0.09935897435897435 0.07692307692307693
4 0.6858974358974359 0.0625 0.09935897435897435 0.08173076923076923
5 0.7692307692307693 0.49278846153846156 0.09935897435897435 0.06971153846153846
4 0.6955128205128205 0.14903846153846154 0.0673076923076923 0.055288461538461536
4 0.6602564102564102 0.22355769230769232 0.0641025641025641 0.057692307692307696
4 0.7980769230769231 0.013221153846153846 0.10256410256410256 0.026442307692307692
4 0.9583333333333334 0.06009615384615385 0.07371794871794872 0.06009615384615385
4 0.8173076923076923 0.5841346153846154 0.09615384615384616 0.0625
4 0.9583333333333334 0.5721153846153846 0.07371794871794872 0.052884615384615384