3 0.5224358974358975 0.4230769230769231 0.12179487179487179 0.09375
5 0.5352564102564102 0.46875 0.10576923076923077 0.040865384615384616
4 0.5480769230769231 0.5048076923076923 0.07692307692307693 0.05048076923076923
3 0.5897435897435898 0.5432692307692307 0.10897435897435898 0.08173076923076923
4 0.5 0.5336538461538461 0.060897435897435896 0.04326923076923077
4 0.6089743589743589 0.5769230769230769 0.08653846153846154 0.05048076923076923
5 0.3782051282051282 0.6298076923076923 0.10897435897435898 0.09134615384615384
3 0.3301282051282051 0.7139423076923077 0.13782051282051283 0.11298076923076923
4 0.3814102564102564 0.7427884615384616 0.09935897435897435 0.0889423076923077
4 0.5128205128205128 0.7307692307692307 0.09615384615384616 0.057692307692307696
4 0.5224358974358975 0.7764423076923077 0.10576923076923077 0.08173076923076923
5 0.5352564102564102 0.8605769230769231 0.11858974358974358 0.08653846153846154
4 0.3333333333333333 0.9471153846153846 0.1282051282051282 0.10096153846153846
3 0.6506410256410257 0.9182692307692307 0.13782051282051283 0.11298076923076923