4 0.8012820512820513 0.6418269230769231 0.13782051282051283 0.10336538461538461
4 0.6538461538461539 0.41346153846153844 0.22435897435897437 0.15865384615384615
4 0.5673076923076923 0.25240384615384615 0.1955128205128205 0.15384615384615385
4 0.4775641025641026 0.5504807692307693 0.08333333333333333 0.07211538461538461
4 0.48717948717948717 0.46153846153846156 0.10576923076923077 0.11778846153846154
4 0.41025641025641024 0.53125 0.08653846153846154 0.07692307692307693
4 0.3333333333333333 0.5793269230769231 0.17307692307692307 0.125
4 0.4519230769230769 0.8942307692307693 0.04487179487179487 0.040865384615384616
4 0.3525641025641026 0.9206730769230769 0.057692307692307696 0.04807692307692308
4 0.3525641025641026 0.7115384615384616 0.12179487179487179 0.09615384615384616
4 0.2692307692307692 0.7596153846153846 0.09294871794871795 0.07932692307692307
4 0.1762820512820513 0.6923076923076923 0.16987179487179488 0.08653846153846154
4 0.16025641025641027 0.7980769230769231 0.20512820512820512 0.16105769230769232
4 0.08333333333333333 0.8389423076923077 0.07051282051282051 0.06971153846153846
4 0.05448717948717949 0.8533653846153846 0.07051282051282051 0.057692307692307696
4 0.13141025641025642 0.5336538461538461 0.1987179487179487 0.14903846153846154
4 0.21474358974358973 0.3870192307692308 0.24358974358974358 0.17548076923076922
4 0.0641025641025641 0.46875 0.125 0.10096153846153846