3 0.48717948717948717 0.5048076923076923 0.10256410256410256 0.10336538461538461
3 0.5544871794871795 0.5889423076923077 0.10256410256410256 0.10336538461538461
3 0.4519230769230769 0.6057692307692307 0.10576923076923077 0.10336538461538461
3 0.30128205128205127 0.5528846153846154 0.11858974358974358 0.10336538461538461
3 0.3557692307692308 0.6442307692307693 0.125 0.11778846153846154
5 0.5737179487179487 0.6538461538461539 0.09615384615384616 0.07211538461538461
4 0.6314102564102564 0.6370192307692307 0.05128205128205128 0.052884615384615384
4 0.6346153846153846 0.6995192307692307 0.08333333333333333 0.07451923076923077
4 0.6987179487179487 0.6490384615384616 0.057692307692307696 0.04326923076923077
4 0.6794871794871795 0.7163461538461539 0.028846153846153848 0.036057692307692304
4 0.6987179487179487 0.6875 0.041666666666666664 0.04567307692307692
4 0.7243589743589743 0.6682692307692307 0.03205128205128205 0.026442307692307692
4 0.7532051282051282 0.6538461538461539 0.04807692307692308 0.04567307692307692
5 0.7532051282051282 0.6129807692307693 0.0673076923076923 0.040865384615384616
4 0.041666666666666664 0.25721153846153844 0.04487179487179487 0.04807692307692308
4 0.019230769230769232 0.2980769230769231 0.038461538461538464 0.057692307692307696