5 0.3942307692307692 0.3581730769230769 0.12179487179487179 0.11057692307692307
4 0.5641025641025641 0.40625 0.09294871794871795 0.08653846153846154
4 0.46153846153846156 0.4831730769230769 0.08653846153846154 0.07932692307692307
4 0.358974358974359 0.39903846153846156 0.09615384615384616 0.07451923076923077
4 0.3717948717948718 0.4375 0.07371794871794872 0.05048076923076923
4 0.36538461538461536 0.47836538461538464 0.0673076923076923 0.057692307692307696
4 0.5160256410256411 0.5192307692307693 0.0641025641025641 0.06009615384615385
4 0.6089743589743589 0.5336538461538461 0.14102564102564102 0.09615384615384616
4 0.7115384615384616 0.5216346153846154 0.10256410256410256 0.08413461538461539
4 0.7371794871794872 0.5721153846153846 0.13141025641025642 0.0889423076923077
4 0.6955128205128205 0.6370192307692307 0.10576923076923077 0.06971153846153846
4 0.717948717948718 0.6754807692307693 0.07051282051282051 0.040865384615384616
4 0.7019230769230769 0.7860576923076923 0.09935897435897435 0.06971153846153846
4 0.7692307692307693 0.7043269230769231 0.08012820512820513 0.06490384615384616
4 0.8108974358974359 0.6346153846153846 0.10256410256410256 0.07692307692307693
4 0.46474358974358976 0.44471153846153844 0.07692307692307693 0.038461538461538464
3 0.6891025641025641 0.4326923076923077 0.1282051282051282 0.08653846153846154
3 0.8076923076923077 0.4543269230769231 0.05128205128205128 0.04326923076923077
3 0.8942307692307693 0.4254807692307692 0.060897435897435896 0.040865384615384616
3 0.8621794871794872 0.46153846153846156 0.038461538461538464 0.04326923076923077
3 0.8333333333333334 0.49038461538461536 0.04807692307692308 0.038461538461538464
4 0.9391025641025641 0.1778846153846154 0.04487179487179487 0.040865384615384616
4 0.9551282051282052 0.22115384615384615 0.038461538461538464 0.03125
4 0.8653846153846154 0.17067307692307693 0.041666666666666664 0.036057692307692304
5 0.9743589743589743 0.14423076923076922 0.04487179487179487 0.05048076923076923
3 0.28205128205128205 0.3076923076923077 0.038461538461538464 0.03365384615384615
3 0.25961538461538464 0.28846153846153844 0.041666666666666664 0.03125
4 0.5961538461538461 0.6033653846153846 0.04807692307692308 0.03125
4 0.5833333333333334 0.5841346153846154 0.057692307692307696 0.028846153846153848