5 0.842948717948718 0.41586538461538464 0.09615384615384616 0.07451923076923077
5 0.9647435897435898 0.20432692307692307 0.0673076923076923 0.06971153846153846
3 0.9326923076923077 0.2403846153846154 0.07371794871794872 0.057692307692307696
5 0.9615384615384616 0.28846153846153844 0.07371794871794872 0.055288461538461536
5 0.7371794871794872 0.38221153846153844 0.07692307692307693 0.07451923076923077
4 0.8525641025641025 0.4831730769230769 0.08012820512820513 0.0625
4 0.7467948717948718 0.4326923076923077 0.07371794871794872 0.06009615384615385
4 0.7660256410256411 0.46875 0.0641025641025641 0.057692307692307696
4 0.7788461538461539 0.5144230769230769 0.060897435897435896 0.055288461538461536
4 0.8237179487179487 0.5432692307692307 0.04807692307692308 0.040865384615384616
4 0.875 0.5625 0.05448717948717949 0.038461538461538464
4 0.8653846153846154 0.5865384615384616 0.05128205128205128 0.03125
3 0.6474358974358975 0.3942307692307692 0.07371794871794872 0.07211538461538461
5 0.5288461538461539 0.4567307692307692 0.12179487179487179 0.0985576923076923
5 0.4935897435897436 0.3894230769230769 0.11538461538461539 0.10336538461538461
3 0.5384615384615384 0.5480769230769231 0.13141025641025642 0.11778846153846154
5 0.42948717948717946 0.5408653846153846 0.11538461538461539 0.09375
4 0.3814102564102564 0.44711538461538464 0.12179487179487179 0.06971153846153846
3 0.28525641025641024 0.5528846153846154 0.15384615384615385 0.10817307692307693
3 0.4391025641025641 0.6490384615384616 0.15384615384615385 0.1201923076923077
5 0.33653846153846156 0.6201923076923077 0.13141025641025642 0.10336538461538461
4 0.5801282051282052 0.7355769230769231 0.08333333333333333 0.05048076923076923
4 0.5544871794871795 0.6971153846153846 0.09294871794871795 0.04807692307692308
4 0.5865384615384616 0.49759615384615385 0.041666666666666664 0.057692307692307696