1 0.7339743589743589 0.025240384615384616 0.1282051282051282 0.05048076923076923
1 0.5897435897435898 0.04326923076923077 0.0641025641025641 0.08653846153846154
1 0.9230769230769231 0.013221153846153846 0.14743589743589744 0.026442307692307692
1 0.5865384615384616 0.19230769230769232 0.05448717948717949 0.04567307692307692
1 0.657051282051282 0.1971153846153846 0.041666666666666664 0.04807692307692308
1 0.4198717948717949 0.6274038461538461 0.23397435897435898 0.15384615384615385
1 0.27884615384615385 0.6682692307692307 0.10576923076923077 0.05048076923076923
1 0.1955128205128205 0.5793269230769231 0.16666666666666666 0.14182692307692307
0 0.5224358974358975 0.7067307692307693 0.08653846153846154 0.057692307692307696
2 0.6730769230769231 0.9110576923076923 0.3108974358974359 0.17548076923076922
2 0.8814102564102564 0.9639423076923077 0.16346153846153846 0.0673076923076923