1 0.6378205128205128 0.37740384615384615 0.15064102564102563 0.11298076923076923
1 0.5256410256410257 0.28846153846153844 0.16025641025641027 0.125
1 0.5032051282051282 0.3918269230769231 0.19230769230769232 0.16105769230769232
1 0.41346153846153844 0.49278846153846156 0.18269230769230768 0.13701923076923078
1 0.3108974358974359 0.37740384615384615 0.20512820512820512 0.14903846153846154
1 0.266025641025641 0.4014423076923077 0.03205128205128205 0.019230769230769232
1 0.4423076923076923 0.6466346153846154 0.10256410256410256 0.06971153846153846
1 0.875 0.11538461538461539 0.057692307692307696 0.0625
1 0.8365384615384616 0.1466346153846154 0.08974358974358974 0.0673076923076923
1 0.8878205128205128 0.05048076923076923 0.07692307692307693 0.06490384615384616
1 0.8397435897435898 0.055288461538461536 0.02564102564102564 0.028846153846153848
0 0.3814102564102564 0.6105769230769231 0.14102564102564102 0.10336538461538461
0 0.266025641025641 0.5769230769230769 0.11538461538461539 0.08173076923076923
2 0.36217948717948717 0.5552884615384616 0.09615384615384616 0.052884615384615384
2 0.14423076923076922 0.7788461538461539 0.08333333333333333 0.052884615384615384