1 0.33974358974358976 0.4254807692307692 0.09294871794871795 0.0673076923076923
1 0.4423076923076923 0.4014423076923077 0.10576923076923077 0.07692307692307693
1 0.4935897435897436 0.40625 0.07051282051282051 0.07211538461538461
1 0.5801282051282052 0.40625 0.11858974358974358 0.10817307692307693
1 0.5128205128205128 0.47115384615384615 0.09615384615384616 0.0625
1 0.4198717948717949 0.5985576923076923 0.08333333333333333 0.057692307692307696
1 0.4166666666666667 0.5600961538461539 0.08333333333333333 0.04807692307692308
1 0.5 0.5528846153846154 0.08333333333333333 0.0673076923076923
2 0.1794871794871795 0.6370192307692307 0.057692307692307696 0.052884615384615384
2 0.09294871794871795 0.6177884615384616 0.07371794871794872 0.038461538461538464
0 0.05448717948717949 0.6346153846153846 0.057692307692307696 0.028846153846153848