5 0.7467948717948718 0.33413461538461536 0.1858974358974359 0.13701923076923078
5 0.5032051282051282 0.3894230769230769 0.17307692307692307 0.1346153846153846
5 0.5416666666666666 0.25240384615384615 0.14423076923076922 0.125
5 0.3269230769230769 0.30528846153846156 0.16666666666666666 0.12740384615384615
4 0.25961538461538464 0.43028846153846156 0.15064102564102563 0.11538461538461539
4 0.1987179487179487 0.5216346153846154 0.125 0.08173076923076923
4 0.46153846153846156 0.4735576923076923 0.16346153846153846 0.11057692307692307
4 0.3814102564102564 0.5769230769230769 0.11217948717948718 0.0985576923076923
4 0.23717948717948717 0.5793269230769231 0.10256410256410256 0.07211538461538461
4 0.2692307692307692 0.6322115384615384 0.0641025641025641 0.057692307692307696
4 0.32371794871794873 0.6442307692307693 0.10576923076923077 0.08653846153846154
4 0.4935897435897436 0.59375 0.16025641025641027 0.11778846153846154
4 0.4935897435897436 0.7019230769230769 0.15384615384615385 0.10817307692307693
5 0.7211538461538461 0.49278846153846156 0.16346153846153846 0.12259615384615384
4 0.6794871794871795 0.6033653846153846 0.13782051282051283 0.0985576923076923
4 0.7019230769230769 0.7115384615384616 0.1282051282051282 0.0889423076923077
4 0.6153846153846154 0.75 0.09935897435897435 0.07692307692307693
4 0.5576923076923077 0.8028846153846154 0.08974358974358974 0.0625
4 0.5160256410256411 0.7740384615384616 0.125 0.07451923076923077