4 0.9294871794871795 0.1201923076923077 0.1346153846153846 0.18990384615384615
4 0.8108974358974359 0.19471153846153846 0.07371794871794872 0.08173076923076923
3 0.7532051282051282 0.24519230769230768 0.23397435897435898 0.18509615384615385
3 0.7019230769230769 0.37740384615384615 0.20512820512820512 0.15144230769230768
3 0.5384615384615384 0.4254807692307692 0.1858974358974359 0.1658653846153846
3 0.22756410256410256 0.46634615384615385 0.07371794871794872 0.10336538461538461
5 0.44551282051282054 0.5336538461538461 0.10897435897435898 0.09375
5 0.28846153846153844 0.6153846153846154 0.20833333333333334 0.15384615384615385
4 0.5993589743589743 0.5384615384615384 0.15384615384615385 0.11538461538461539
4 0.5416666666666666 0.6057692307692307 0.11858974358974358 0.08413461538461539
4 0.5064102564102564 0.6971153846153846 0.17307692307692307 0.13221153846153846
4 0.33974358974358976 0.7331730769230769 0.16025641025641027 0.12740384615384615
4 0.44871794871794873 0.7451923076923077 0.09615384615384616 0.08173076923076923
4 0.5705128205128205 0.7403846153846154 0.10256410256410256 0.08173076923076923
4 0.5032051282051282 0.8269230769230769 0.1346153846153846 0.09134615384615384
4 0.4775641025641026 0.8966346153846154 0.17307692307692307 0.1466346153846154
4 0.4807692307692308 0.9711538461538461 0.1346153846153846 0.055288461538461536
4 0.34294871794871795 0.9423076923076923 0.10897435897435898 0.09615384615384616
3 0.18269230769230768 0.8052884615384616 0.07051282051282051 0.052884615384615384
3 0.1282051282051282 0.8461538461538461 0.08653846153846154 0.057692307692307696
4 0.15705128205128205 0.8677884615384616 0.05448717948717949 0.040865384615384616