4 0.9358974358974359 0.19951923076923078 0.11858974358974358 0.16826923076923078
4 0.8108974358974359 0.2091346153846154 0.15705128205128205 0.13221153846153846
3 0.6025641025641025 0.21153846153846154 0.09294871794871795 0.04326923076923077
3 0.6346153846153846 0.32211538461538464 0.26282051282051283 0.20432692307692307
4 0.5608974358974359 0.41346153846153844 0.14423076923076922 0.0985576923076923
4 0.7532051282051282 0.4206730769230769 0.125 0.09615384615384616
4 0.8910256410256411 0.43028846153846156 0.16987179487179488 0.1201923076923077
4 0.6282051282051282 0.49038461538461536 0.15705128205128205 0.11298076923076923
4 0.8525641025641025 0.5336538461538461 0.13782051282051283 0.09615384615384616
4 0.7339743589743589 0.5456730769230769 0.09935897435897435 0.07692307692307693
4 0.7916666666666666 0.625 0.07692307692307693 0.057692307692307696
4 0.7371794871794872 0.6274038461538461 0.04807692307692308 0.040865384615384616
4 0.5865384615384616 0.7932692307692307 0.09294871794871795 0.06490384615384616
4 0.5673076923076923 0.7283653846153846 0.11858974358974358 0.0889423076923077
4 0.44871794871794873 0.7932692307692307 0.060897435897435896 0.04807692307692308
4 0.44551282051282054 0.6850961538461539 0.09615384615384616 0.07211538461538461
4 0.5769230769230769 0.5697115384615384 0.10576923076923077 0.0985576923076923
4 0.46153846153846156 0.5817307692307693 0.17307692307692307 0.13221153846153846
4 0.27884615384615385 0.5456730769230769 0.1762820512820513 0.13221153846153846
4 0.3685897435897436 0.5745192307692307 0.0641025641025641 0.07932692307692307
3 0.1955128205128205 0.5961538461538461 0.10897435897435898 0.08173076923076923
4 0.2403846153846154 0.6658653846153846 0.10256410256410256 0.08413461538461539
4 0.2724358974358974 0.6394230769230769 0.08653846153846154 0.0673076923076923
4 0.32371794871794873 0.6778846153846154 0.038461538461538464 0.03365384615384615
4 0.358974358974359 0.6971153846153846 0.0673076923076923 0.052884615384615384
4 0.2916666666666667 0.7211538461538461 0.08012820512820513 0.057692307692307696
4 0.3108974358974359 0.7451923076923077 0.0641025641025641 0.04326923076923077
5 0.035256410256410256 0.5480769230769231 0.07051282051282051 0.055288461538461536
5 0.041666666666666664 0.5985576923076923 0.08012820512820513 0.052884615384615384
3 0.4166666666666667 0.39903846153846156 0.08012820512820513 0.055288461538461536
4 0.46474358974358976 0.4326923076923077 0.057692307692307696 0.04567307692307692
4 0.6923076923076923 0.6081730769230769 0.016025641025641024 0.014423076923076924