5 0.532051282051282 0.3245192307692308 0.13141025641025642 0.11057692307692307
5 0.391025641025641 0.1346153846153846 0.10576923076923077 0.11057692307692307
5 0.3557692307692308 0.3389423076923077 0.1282051282051282 0.10096153846153846
4 0.33974358974358976 0.3942307692307692 0.060897435897435896 0.036057692307692304
4 0.27884615384615385 0.31971153846153844 0.022435897435897436 0.014423076923076924
4 0.2724358974358974 0.43509615384615385 0.060897435897435896 0.04567307692307692
4 0.07692307692307693 0.43509615384615385 0.08974358974358974 0.06490384615384616
4 0.15064102564102563 0.44711538461538464 0.07051282051282051 0.038461538461538464
4 0.16666666666666666 0.5240384615384616 0.04807692307692308 0.03365384615384615
4 0.08974358974358974 0.5480769230769231 0.08653846153846154 0.06009615384615385
4 0.47435897435897434 0.5408653846153846 0.1346153846153846 0.09615384615384616
4 0.4583333333333333 0.6682692307692307 0.11217948717948718 0.08653846153846154
4 0.3782051282051282 0.6201923076923077 0.10576923076923077 0.08173076923076923
4 0.3333333333333333 0.6802884615384616 0.08653846153846154 0.07451923076923077
4 0.46794871794871795 0.78125 0.09615384615384616 0.06971153846153846
4 0.391025641025641 0.7740384615384616 0.057692307692307696 0.055288461538461536
4 0.47115384615384615 0.8653846153846154 0.07371794871794872 0.0625
4 0.41025641025641024 0.8365384615384616 0.04807692307692308 0.04326923076923077
4 0.9391025641025641 0.04807692307692308 0.05448717948717949 0.04807692307692308
4 0.8589743589743589 0.07451923076923077 0.05128205128205128 0.040865384615384616
4 0.7564102564102564 0.052884615384615384 0.04807692307692308 0.036057692307692304
4 0.8846153846153846 0.22355769230769232 0.057692307692307696 0.04326923076923077
4 0.8685897435897436 0.18990384615384615 0.060897435897435896 0.04567307692307692
4 0.9423076923076923 0.2692307692307692 0.041666666666666664 0.03125
4 0.9455128205128205 0.014423076923076924 0.060897435897435896 0.028846153846153848
4 0.9262820512820513 0.125 0.041666666666666664 0.026442307692307692
4 0.8076923076923077 0.018028846153846152 0.05128205128205128 0.036057692307692304
4 0.8782051282051282 0.34375 0.04487179487179487 0.028846153846153848
4 0.8044871794871795 0.2764423076923077 0.057692307692307696 0.04326923076923077
4 0.75 0.28125 0.05448717948717949 0.040865384615384616
4 0.6730769230769231 0.22355769230769232 0.05128205128205128 0.04567307692307692
4 0.6282051282051282 0.24519230769230768 0.057692307692307696 0.04326923076923077
4 0.7371794871794872 0.39663461538461536 0.04807692307692308 0.036057692307692304
4 0.6410256410256411 0.41346153846153844 0.03205128205128205 0.026442307692307692
4 0.6666666666666666 0.36538461538461536 0.041666666666666664 0.036057692307692304
4 0.9743589743589743 0.09375 0.019230769230769232 0.014423076923076924
4 0.9455128205128205 0.3389423076923077 0.016025641025641024 0.016826923076923076
4 0.7243589743589743 0.08413461538461539 0.019230769230769232 0.014423076923076924
4 0.7916666666666666 0.2283653846153846 0.05128205128205128 0.038461538461538464
4 0.8621794871794872 0.33413461538461536 0.04807692307692308 0.040865384615384616
5 0.30128205128205127 0.6538461538461539 0.060897435897435896 0.04326923076923077
5 0.2467948717948718 0.6850961538461539 0.057692307692307696 0.040865384615384616
5 0.22756410256410256 0.6514423076923077 0.0641025641025641 0.04567307692307692
5 0.19230769230769232 0.9158653846153846 0.060897435897435896 0.04807692307692308
4 0.6891025641025641 0.5048076923076923 0.01282051282051282 0.01201923076923077
4 0.842948717948718 0.11057692307692307 0.041666666666666664 0.03365384615384615
4 0.8108974358974359 0.3317307692307692 0.04807692307692308 0.038461538461538464
4 0.6826923076923077 0.3004807692307692 0.041666666666666664 0.028846153846153848
4 0.6923076923076923 0.2644230769230769 0.04487179487179487 0.03365384615384615