4 0.9871794871794872 0.08173076923076923 0.022435897435897436 0.02403846153846154
4 0.9551282051282052 0.06490384615384616 0.038461538461538464 0.03125
4 0.9519230769230769 0.08413461538461539 0.028846153846153848 0.014423076923076924
4 0.9807692307692307 0.1658653846153846 0.028846153846153848 0.06009615384615385
4 0.9775641025641025 0.19471153846153846 0.038461538461538464 0.05048076923076923
4 0.8557692307692307 0.04807692307692308 0.08012820512820513 0.07932692307692307
4 0.8685897435897436 0.13221153846153846 0.0641025641025641 0.07211538461538461
3 0.7756410256410257 0.13942307692307693 0.13782051282051283 0.10336538461538461
3 0.6858974358974359 0.20432692307692307 0.10256410256410256 0.09134615384615384
3 0.6891025641025641 0.29086538461538464 0.08653846153846154 0.08653846153846154
4 0.7339743589743589 0.30288461538461536 0.11858974358974358 0.08653846153846154
5 0.8237179487179487 0.3605769230769231 0.11217948717948718 0.08653846153846154
4 0.717948717948718 0.3798076923076923 0.11858974358974358 0.07451923076923077
4 0.9230769230769231 0.4951923076923077 0.14743589743589744 0.10096153846153846
4 0.8717948717948718 0.4375 0.1282051282051282 0.09375
4 0.7051282051282052 0.43990384615384615 0.11858974358974358 0.07451923076923077
3 0.4583333333333333 0.46875 0.14423076923076922 0.11057692307692307
3 0.41025641025641024 0.5432692307692307 0.13782051282051283 0.09375
3 0.3269230769230769 0.46153846153846156 0.14102564102564102 0.10576923076923077
3 0.2916666666666667 0.5649038461538461 0.13141025641025642 0.09615384615384616
3 0.20192307692307693 0.4567307692307692 0.11858974358974358 0.0889423076923077
3 0.15705128205128205 0.5841346153846154 0.14743589743589744 0.10576923076923077
5 0.2724358974358974 0.7283653846153846 0.1282051282051282 0.10096153846153846
4 0.16346153846153846 0.7956730769230769 0.13782051282051283 0.09615384615384616
4 0.11858974358974358 0.71875 0.1346153846153846 0.0985576923076923
4 0.049679487179487176 0.8221153846153846 0.09935897435897435 0.08653846153846154
5 0.3525641025641026 0.9735576923076923 0.08653846153846154 0.04807692307692308
4 0.5352564102564102 0.6322115384615384 0.10256410256410256 0.08653846153846154
4 0.5993589743589743 0.6899038461538461 0.08974358974358974 0.0625
4 0.7115384615384616 0.5072115384615384 0.11538461538461539 0.09375
4 0.6602564102564102 0.5913461538461539 0.11538461538461539 0.08173076923076923
4 0.6923076923076923 0.6706730769230769 0.11858974358974358 0.08173076923076923
4 0.907051282051282 0.5985576923076923 0.14102564102564102 0.09375
4 0.7852564102564102 0.5889423076923077 0.1282051282051282 0.08653846153846154
4 0.7852564102564102 0.6682692307692307 0.11217948717948718 0.08173076923076923
3 0.9038461538461539 0.7764423076923077 0.0641025641025641 0.055288461538461536
3 0.8782051282051282 0.8221153846153846 0.08012820512820513 0.04567307692307692
3 0.8782051282051282 0.8389423076923077 0.07051282051282051 0.052884615384615384
5 0.7980769230769231 0.8413461538461539 0.0641025641025641 0.05048076923076923
5 0.9262820512820513 0.875 0.08012820512820513 0.0625
5 0.9166666666666666 0.9326923076923077 0.08653846153846154 0.06490384615384616
4 0.7788461538461539 0.8725961538461539 0.0641025641025641 0.055288461538461536
4 0.8333333333333334 0.8942307692307693 0.07371794871794872 0.057692307692307696
4 0.8653846153846154 0.9735576923076923 0.07051282051282051 0.04807692307692308
4 0.8397435897435898 0.96875 0.060897435897435896 0.05048076923076923
4 0.7724358974358975 0.9302884615384616 0.057692307692307696 0.05048076923076923
4 0.7788461538461539 0.9903846153846154 0.038461538461538464 0.016826923076923076
4 0.9775641025641025 0.28846153846153844 0.038461538461538464 0.03365384615384615
4 0.9839743589743589 0.3245192307692308 0.02564102564102564 0.028846153846153848
4 0.9519230769230769 0.35336538461538464 0.035256410256410256 0.026442307692307692
4 0.9711538461538461 0.4230769230769231 0.038461538461538464 0.036057692307692304