4 0.5512820512820513 0.49759615384615385 0.060897435897435896 0.040865384615384616
4 0.5384615384615384 0.5384615384615384 0.04487179487179487 0.04567307692307692
5 0.4967948717948718 0.5360576923076923 0.0673076923076923 0.05048076923076923
5 0.5256410256410257 0.46153846153846156 0.0673076923076923 0.05048076923076923
5 0.5544871794871795 0.27884615384615385 0.04487179487179487 0.03365384615384615
5 0.5673076923076923 0.30288461538461536 0.035256410256410256 0.019230769230769232
5 0.5256410256410257 0.2692307692307692 0.035256410256410256 0.03125
5 0.5128205128205128 0.31971153846153844 0.038461538461538464 0.021634615384615384
5 0.4967948717948718 0.31009615384615385 0.035256410256410256 0.03125
5 0.7435897435897436 0.30528846153846156 0.02564102564102564 0.021634615384615384
5 0.9647435897435898 0.052884615384615384 0.022435897435897436 0.019230769230769232
4 0.9519230769230769 0.0625 0.022435897435897436 0.016826923076923076
5 0.9006410256410257 0.028846153846153848 0.03205128205128205 0.026442307692307692