3 0.2948717948717949 0.8197115384615384 0.22435897435897437 0.18269230769230768
3 0.49038461538461536 0.7067307692307693 0.16025641025641027 0.1201923076923077
3 0.44871794871794873 0.5721153846153846 0.14102564102564102 0.10096153846153846
3 0.3942307692307692 0.7908653846153846 0.12179487179487179 0.12259615384615384
3 0.7724358974358975 0.17067307692307693 0.22115384615384615 0.17067307692307693
5 0.6955128205128205 0.2764423076923077 0.16025641025641027 0.13701923076923078
5 0.7051282051282052 0.3918269230769231 0.1282051282051282 0.10096153846153846
4 0.9102564102564102 0.3317307692307692 0.14102564102564102 0.0985576923076923
4 0.8397435897435898 0.40625 0.14423076923076922 0.10576923076923077
4 0.38461538461538464 0.11298076923076923 0.10576923076923077 0.06009615384615385
4 0.1346153846153846 0.08173076923076923 0.16025641025641027 0.14903846153846154
4 0.19230769230769232 0.17307692307692307 0.0673076923076923 0.06490384615384616
4 0.5512820512820513 0.5745192307692307 0.07371794871794872 0.057692307692307696
4 0.7788461538461539 0.8557692307692307 0.11538461538461539 0.10576923076923077
4 0.592948717948718 0.6778846153846154 0.11538461538461539 0.08653846153846154
4 0.5865384615384616 0.9278846153846154 0.15064102564102563 0.1201923076923077
4 0.5224358974358975 0.9783653846153846 0.14423076923076922 0.036057692307692304
5 0.2403846153846154 0.6418269230769231 0.1794871794871795 0.13221153846153846
5 0.2403846153846154 0.5480769230769231 0.08333333333333333 0.0673076923076923
5 0.2692307692307692 0.7139423076923077 0.14423076923076922 0.09375
4 0.33653846153846156 0.9543269230769231 0.14102564102564102 0.08413461538461539