3 0.47115384615384615 0.25 0.17307692307692307 0.1466346153846154
3 0.2692307692307692 0.3485576923076923 0.14423076923076922 0.11298076923076923
5 0.49038461538461536 0.4567307692307692 0.13782051282051283 0.11057692307692307
4 0.33974358974358976 0.46634615384615385 0.13141025641025642 0.09615384615384616
4 0.3269230769230769 0.5817307692307693 0.11217948717948718 0.08413461538461539
4 0.4775641025641026 0.5745192307692307 0.11858974358974358 0.09134615384615384
4 0.4519230769230769 0.6875 0.10897435897435898 0.07932692307692307
4 0.4166666666666667 0.7403846153846154 0.09294871794871795 0.06971153846153846
4 0.38461538461538464 0.78125 0.07051282051282051 0.04807692307692308
4 0.3301282051282051 0.6754807692307693 0.09615384615384616 0.07211538461538461
4 0.3301282051282051 0.7283653846153846 0.060897435897435896 0.038461538461538464