5 0.6762820512820513 0.43990384615384615 0.125 0.0985576923076923
4 0.483974358974359 0.5192307692307693 0.09935897435897435 0.07692307692307693
5 0.3269230769230769 0.45913461538461536 0.08012820512820513 0.06009615384615385
5 0.7564102564102564 0.5961538461538461 0.15705128205128205 0.0985576923076923
4 0.7884615384615384 0.6923076923076923 0.10256410256410256 0.07451923076923077
4 0.5192307692307693 0.6634615384615384 0.1346153846153846 0.11298076923076923
4 0.36217948717948717 0.6466346153846154 0.11538461538461539 0.09375
5 0.3301282051282051 0.5528846153846154 0.10897435897435898 0.08653846153846154
4 0.28205128205128205 0.5336538461538461 0.09615384615384616 0.07211538461538461
4 0.47435897435897434 0.8173076923076923 0.10897435897435898 0.0889423076923077
4 0.27884615384615385 0.8052884615384616 0.10576923076923077 0.07692307692307693
4 0.4551282051282051 0.7283653846153846 0.07371794871794872 0.057692307692307696
4 0.016025641025641024 0.28846153846153844 0.03205128205128205 0.06009615384615385
4 0.014423076923076924 0.37259615384615385 0.028846153846153848 0.052884615384615384