4 0.5641025641025641 0.28125 0.12179487179487179 0.11057692307692307
4 0.34615384615384615 0.24759615384615385 0.16025641025641027 0.12259615384615384
4 0.391025641025641 0.37740384615384615 0.14102564102564102 0.10817307692307693
4 0.30448717948717946 0.3894230769230769 0.09935897435897435 0.08653846153846154
4 0.32051282051282054 0.47836538461538464 0.11538461538461539 0.07932692307692307
4 0.6698717948717948 0.43028846153846156 0.17307692307692307 0.12259615384615384
4 0.5673076923076923 0.3942307692307692 0.10897435897435898 0.08173076923076923
4 0.5096153846153846 0.47115384615384615 0.14423076923076922 0.10096153846153846
4 0.6282051282051282 0.4951923076923077 0.09935897435897435 0.04326923076923077
4 0.5993589743589743 0.5336538461538461 0.11217948717948718 0.06490384615384616
4 0.5961538461538461 0.5961538461538461 0.08333333333333333 0.057692307692307696
4 0.7019230769230769 0.5504807692307693 0.1346153846153846 0.08653846153846154
4 0.717948717948718 0.625 0.09615384615384616 0.06971153846153846
4 0.7756410256410257 0.6322115384615384 0.05128205128205128 0.06490384615384616
4 0.4198717948717949 0.6105769230769231 0.07051282051282051 0.052884615384615384
4 0.38461538461538464 0.6730769230769231 0.08333333333333333 0.06971153846153846
4 0.2948717948717949 0.6514423076923077 0.10576923076923077 0.07211538461538461
4 0.28205128205128205 0.8629807692307693 0.07692307692307693 0.0673076923076923
4 0.358974358974359 0.7716346153846154 0.07371794871794872 0.057692307692307696
4 0.41346153846153844 0.8389423076923077 0.0673076923076923 0.04807692307692308
4 0.2980769230769231 0.9350961538461539 0.07371794871794872 0.055288461538461536
4 0.16987179487179488 0.6754807692307693 0.07051282051282051 0.0673076923076923
3 0.14423076923076922 0.7451923076923077 0.09294871794871795 0.06490384615384616
4 0.21794871794871795 0.7644230769230769 0.07692307692307693 0.0625
4 0.28846153846153844 0.78125 0.035256410256410256 0.021634615384615384
4 0.10256410256410256 0.8461538461538461 0.09294871794871795 0.07211538461538461
4 0.15064102564102563 0.8942307692307693 0.07692307692307693 0.06009615384615385
4 0.1858974358974359 0.9519230769230769 0.057692307692307696 0.05048076923076923
4 0.4423076923076923 0.2644230769230769 0.0641025641025641 0.0625
4 0.4230769230769231 0.49759615384615385 0.08333333333333333 0.06009615384615385
4 0.4326923076923077 0.4326923076923077 0.09935897435897435 0.06490384615384616
4 0.6025641025641025 0.04567307692307692 0.060897435897435896 0.05048076923076923
4 0.5737179487179487 0.13701923076923078 0.057692307692307696 0.04326923076923077
4 0.22756410256410256 0.3605769230769231 0.04487179487179487 0.03125