5 0.15064102564102563 0.05048076923076923 0.1794871794871795 0.10096153846153846
4 0.14102564102564102 0.14182692307692307 0.1282051282051282 0.09615384615384616
3 0.6762820512820513 0.10336538461538461 0.26282051282051283 0.20673076923076922
4 0.10576923076923077 0.2764423076923077 0.0673076923076923 0.08413461538461539
3 0.017628205128205128 0.265625 0.035256410256410256 0.06971153846153846
3 0.28846153846153844 0.3245192307692308 0.34935897435897434 0.30528846153846156
4 0.46153846153846156 0.4206730769230769 0.15705128205128205 0.13942307692307693
4 0.6314102564102564 0.4639423076923077 0.22115384615384615 0.15865384615384615
4 0.08974358974358974 0.40865384615384615 0.10897435897435898 0.07451923076923077
4 0.1762820512820513 0.4519230769230769 0.09294871794871795 0.06490384615384616
3 0.019230769230769232 0.5096153846153846 0.038461538461538464 0.055288461538461536
3 0.10256410256410256 0.5336538461538461 0.11217948717948718 0.07692307692307693
3 0.20512820512820512 0.5793269230769231 0.10576923076923077 0.07211538461538461
4 0.4166666666666667 0.6177884615384616 0.18269230769230768 0.14182692307692307
5 0.08974358974358974 0.6538461538461539 0.10576923076923077 0.08413461538461539
4 0.12179487179487179 0.71875 0.08653846153846154 0.06971153846153846
5 0.1955128205128205 0.7019230769230769 0.09935897435897435 0.06971153846153846
4 0.6346153846153846 0.7283653846153846 0.17307692307692307 0.12740384615384615
4 0.4583333333333333 0.8004807692307693 0.15384615384615385 0.12259615384615384