4 0.30128205128205127 0.2091346153846154 0.10256410256410256 0.09134615384615384
4 0.28846153846153844 0.2548076923076923 0.07051282051282051 0.05048076923076923
4 0.46153846153846156 0.18269230769230768 0.07051282051282051 0.09375
4 0.5448717948717948 0.17307692307692307 0.16346153846153846 0.1346153846153846
4 0.6089743589743589 0.23557692307692307 0.060897435897435896 0.055288461538461536
3 0.6794871794871795 0.1971153846153846 0.125 0.0985576923076923
4 0.5448717948717948 0.24278846153846154 0.08974358974358974 0.026442307692307692
3 0.38461538461538464 0.28365384615384615 0.0641025641025641 0.0673076923076923
3 0.36217948717948717 0.3557692307692308 0.07692307692307693 0.07451923076923077
4 0.32051282051282054 0.39663461538461536 0.05448717948717949 0.057692307692307696
4 0.5416666666666666 0.2956730769230769 0.10256410256410256 0.08173076923076923
4 0.5737179487179487 0.3125 0.0673076923076923 0.057692307692307696
4 0.5288461538461539 0.3894230769230769 0.060897435897435896 0.055288461538461536
4 0.5769230769230769 0.40625 0.08012820512820513 0.06490384615384616
3 0.24358974358974358 0.5 0.10897435897435898 0.06971153846153846
4 0.28846153846153844 0.5552884615384616 0.07051282051282051 0.052884615384615384
4 0.13141025641025642 0.5600961538461539 0.07692307692307693 0.04807692307692308
3 0.15705128205128205 0.5961538461538461 0.12179487179487179 0.0889423076923077
3 0.21794871794871795 0.6153846153846154 0.0673076923076923 0.0673076923076923
4 0.32371794871794873 0.6105769230769231 0.0641025641025641 0.04326923076923077
5 0.24358974358974358 0.6730769230769231 0.09935897435897435 0.06971153846153846
5 0.1346153846153846 0.6322115384615384 0.10256410256410256 0.0625
4 0.125 0.6610576923076923 0.07051282051282051 0.02403846153846154
4 0.38782051282051283 0.6442307692307693 0.08012820512820513 0.06009615384615385
4 0.21794871794871795 0.7211538461538461 0.04807692307692308 0.040865384615384616
4 0.22435897435897437 0.7427884615384616 0.028846153846153848 0.016826923076923076
4 0.4166666666666667 0.7163461538461539 0.07692307692307693 0.0625
4 0.38782051282051283 0.7475961538461539 0.057692307692307696 0.04567307692307692
4 0.28525641025641024 0.7740384615384616 0.07051282051282051 0.055288461538461536
5 0.030448717948717948 0.7151442307692307 0.060897435897435896 0.04567307692307692
4 0.038461538461538464 0.6850961538461539 0.057692307692307696 0.03125
4 0.028846153846153848 0.7403846153846154 0.05128205128205128 0.028846153846153848
3 0.022435897435897436 0.6538461538461539 0.04487179487179487 0.04326923076923077
4 0.34294871794871795 0.8822115384615384 0.041666666666666664 0.04807692307692308
4 0.1794871794871795 0.28365384615384615 0.04807692307692308 0.03365384615384615
4 0.15064102564102563 0.30288461538461536 0.041666666666666664 0.03125