3 0.20833333333333334 0.07451923076923077 0.14743589743589744 0.1466346153846154
3 0.11858974358974358 0.06490384615384616 0.22115384615384615 0.12980769230769232
3 0.08653846153846154 0.5360576923076923 0.12179487179487179 0.08413461538461539
3 0.20192307692307693 0.5216346153846154 0.09615384615384616 0.07211538461538461
4 0.14102564102564102 0.6129807692307693 0.060897435897435896 0.06009615384615385
4 0.25961538461538464 0.6033653846153846 0.08653846153846154 0.0625
4 0.21153846153846154 0.6754807692307693 0.07051282051282051 0.055288461538461536
4 0.36217948717948717 0.7860576923076923 0.1282051282051282 0.09375
5 0.4198717948717949 0.7307692307692307 0.20512820512820512 0.15384615384615385
4 0.5192307692307693 0.7475961538461539 0.060897435897435896 0.07692307692307693
3 0.38782051282051283 0.49759615384615385 0.1794871794871795 0.12740384615384615
5 0.5737179487179487 0.5336538461538461 0.14423076923076922 0.09134615384615384
4 0.48717948717948717 0.6514423076923077 0.1282051282051282 0.09375
3 0.5641025641025641 0.4326923076923077 0.1762820512820513 0.12980769230769232