4 0.41346153846153844 0.3125 0.13141025641025642 0.12259615384615384
4 0.1762820512820513 0.31490384615384615 0.1346153846153846 0.1201923076923077
4 0.25 0.39663461538461536 0.11538461538461539 0.10817307692307693
4 0.4519230769230769 0.4182692307692308 0.10256410256410256 0.09615384615384616
4 0.842948717948718 0.24278846153846154 0.038461538461538464 0.03125
4 0.8141025641025641 0.2548076923076923 0.035256410256410256 0.03125
4 0.8717948717948718 0.2548076923076923 0.03205128205128205 0.03125
4 0.7852564102564102 0.2668269230769231 0.02564102564102564 0.021634615384615384
4 0.6955128205128205 0.4014423076923077 0.08974358974358974 0.09134615384615384
4 0.5673076923076923 0.4423076923076923 0.08012820512820513 0.08413461538461539
4 0.7147435897435898 0.47596153846153844 0.07692307692307693 0.07692307692307693
4 0.3269230769230769 0.41586538461538464 0.03205128205128205 0.036057692307692304
4 0.3525641025641026 0.44711538461538464 0.03205128205128205 0.026442307692307692
4 0.4358974358974359 0.49038461538461536 0.03205128205128205 0.02403846153846154
4 0.375 0.4831730769230769 0.03205128205128205 0.028846153846153848
4 0.40064102564102566 0.5192307692307693 0.028846153846153848 0.028846153846153848
4 0.46794871794871795 0.5216346153846154 0.016025641025641024 0.019230769230769232
4 0.4519230769230769 0.5504807692307693 0.016025641025641024 0.016826923076923076
4 0.2724358974358974 0.5120192307692307 0.07371794871794872 0.057692307692307696
4 0.38461538461538464 0.5841346153846154 0.016025641025641024 0.009615384615384616
4 0.28525641025641024 0.5745192307692307 0.0673076923076923 0.0625
4 0.23076923076923078 0.6057692307692307 0.05448717948717949 0.052884615384615384
4 0.3173076923076923 0.6370192307692307 0.03205128205128205 0.028846153846153848
4 0.27884615384615385 0.6394230769230769 0.041666666666666664 0.03125
4 0.5608974358974359 0.7235576923076923 0.04487179487179487 0.04326923076923077
4 0.5576923076923077 0.7692307692307693 0.041666666666666664 0.040865384615384616
4 0.5544871794871795 0.8004807692307693 0.035256410256410256 0.028846153846153848
4 0.6185897435897436 0.7524038461538461 0.041666666666666664 0.036057692307692304
4 0.6282051282051282 0.7067307692307693 0.041666666666666664 0.038461538461538464
4 0.657051282051282 0.7211538461538461 0.041666666666666664 0.04807692307692308
4 0.7019230769230769 0.7139423076923077 0.041666666666666664 0.040865384615384616
4 0.7403846153846154 0.7716346153846154 0.038461538461538464 0.03125
3 0.8653846153846154 0.8774038461538461 0.07692307692307693 0.0673076923076923
4 0.9166666666666666 0.21634615384615385 0.02564102564102564 0.03125
4 0.4583333333333333 0.9254807692307693 0.03205128205128205 0.02403846153846154
3 0.46794871794871795 0.8533653846153846 0.028846153846153848 0.02403846153846154
3 0.40705128205128205 0.9567307692307693 0.022435897435897436 0.021634615384615384
3 0.3782051282051282 0.9783653846153846 0.028846153846153848 0.016826923076923076
3 0.3782051282051282 0.9879807692307693 0.035256410256410256 0.019230769230769232
4 0.4551282051282051 0.9879807692307693 0.028846153846153848 0.019230769230769232
3 0.36538461538461536 0.9807692307692307 0.02564102564102564 0.026442307692307692
4 0.04487179487179487 0.8509615384615384 0.028846153846153848 0.02403846153846154
4 0.07692307692307693 0.8846153846153846 0.03205128205128205 0.02403846153846154
4 0.1282051282051282 0.9182692307692307 0.02564102564102564 0.016826923076923076
4 0.05128205128205128 0.9543269230769231 0.028846153846153848 0.02403846153846154
4 0.10897435897435898 0.9182692307692307 0.019230769230769232 0.016826923076923076
4 0.11217948717948718 0.9350961538461539 0.019230769230769232 0.014423076923076924
4 0.592948717948718 0.8461538461538461 0.035256410256410256 0.03365384615384615
4 0.6217948717948718 0.8581730769230769 0.03205128205128205 0.03125
4 0.7532051282051282 0.8100961538461539 0.028846153846153848 0.019230769230769232