5 0.18269230769230768 0.6057692307692307 0.1282051282051282 0.09375
4 0.3108974358974359 0.6009615384615384 0.0641025641025641 0.055288461538461536
5 0.32051282051282054 0.4807692307692308 0.15064102564102563 0.10817307692307693
4 0.3557692307692308 0.5432692307692307 0.125 0.07692307692307693
4 0.30128205128205127 0.4254807692307692 0.07692307692307693 0.04326923076923077
4 0.4198717948717949 0.3701923076923077 0.08653846153846154 0.06009615384615385
4 0.4326923076923077 0.46875 0.10576923076923077 0.0625
4 0.038461538461538464 0.8605769230769231 0.07051282051282051 0.04807692307692308
4 0.057692307692307696 0.7860576923076923 0.07371794871794872 0.07211538461538461
4 0.40384615384615385 0.6923076923076923 0.0673076923076923 0.055288461538461536
4 0.4583333333333333 0.6730769230769231 0.10897435897435898 0.07692307692307693
4 0.5192307692307693 0.5192307692307693 0.09294871794871795 0.06490384615384616
4 0.5833333333333334 0.3894230769230769 0.060897435897435896 0.04807692307692308
4 0.6987179487179487 0.4495192307692308 0.1282051282051282 0.09134615384615384
4 0.7083333333333334 0.5673076923076923 0.08653846153846154 0.052884615384615384
4 0.6762820512820513 0.625 0.04807692307692308 0.040865384615384616
4 0.7371794871794872 0.20673076923076922 0.16987179487179488 0.13701923076923078
4 0.9487179487179487 0.3894230769230769 0.09615384615384616 0.07692307692307693
4 0.8974358974358975 0.34134615384615385 0.14102564102564102 0.10576923076923077
4 0.07692307692307693 0.9615384615384616 0.07051282051282051 0.04807692307692308