3 0.2916666666666667 0.22115384615384615 0.18269230769230768 0.14182692307692307
5 0.22435897435897437 0.28846153846153844 0.11538461538461539 0.10817307692307693
5 0.2724358974358974 0.38461538461538464 0.16666666666666666 0.11778846153846154
5 0.6153846153846154 0.2644230769230769 0.15705128205128205 0.1346153846153846
4 0.7628205128205128 0.4206730769230769 0.15064102564102563 0.12259615384615384
4 0.5416666666666666 0.4254807692307692 0.15064102564102563 0.11538461538461539
4 0.3974358974358974 0.4495192307692308 0.14743589743589744 0.0985576923076923
4 0.10897435897435898 0.35096153846153844 0.14102564102564102 0.11298076923076923
4 0.057692307692307696 0.49759615384615385 0.11538461538461539 0.10576923076923077
4 0.24358974358974358 0.5264423076923077 0.13782051282051283 0.10576923076923077
4 0.38782051282051283 0.6370192307692307 0.1282051282051282 0.0985576923076923
4 0.5993589743589743 0.5504807692307693 0.11217948717948718 0.09375
4 0.5512820512820513 0.5841346153846154 0.14743589743589744 0.11778846153846154
4 0.3942307692307692 0.8245192307692307 0.10576923076923077 0.07932692307692307
4 0.6025641025641025 0.6754807692307693 0.11217948717948718 0.09134615384615384
4 0.625 0.75 0.09935897435897435 0.08413461538461539
4 0.6025641025641025 0.8581730769230769 0.08974358974358974 0.07692307692307693
4 0.483974358974359 0.8028846153846154 0.09294871794871795 0.0673076923076923
4 0.7435897435897436 0.6754807692307693 0.10576923076923077 0.08173076923076923
4 0.782051282051282 0.8004807692307693 0.08012820512820513 0.07451923076923077
4 0.8717948717948718 0.6754807692307693 0.11538461538461539 0.0889423076923077