4 0.592948717948718 0.055288461538461536 0.1282051282051282 0.10817307692307693
4 0.44551282051282054 0.055288461538461536 0.125 0.11057692307692307
4 0.483974358974359 0.04807692307692308 0.041666666666666664 0.0673076923076923
4 0.6987179487179487 0.2548076923076923 0.1858974358974359 0.13701923076923078
3 0.5993589743589743 0.4182692307692308 0.22115384615384615 0.1971153846153846
5 0.6826923076923077 0.5649038461538461 0.21474358974358973 0.19951923076923078
5 0.4775641025641026 0.5649038461538461 0.1987179487179487 0.14423076923076922
4 0.46794871794871795 0.4423076923076923 0.07692307692307693 0.11298076923076923
5 0.3974358974358974 0.5240384615384616 0.1282051282051282 0.0889423076923077
4 0.28846153846153844 0.6634615384615384 0.125 0.12259615384615384
4 0.3782051282051282 0.4831730769230769 0.11538461538461539 0.07211538461538461
5 0.6442307692307693 0.6995192307692307 0.1794871794871795 0.15144230769230768
4 0.483974358974359 0.7860576923076923 0.11538461538461539 0.12259615384615384
4 0.6634615384615384 0.8197115384615384 0.13782051282051283 0.0985576923076923
4 0.5512820512820513 0.8798076923076923 0.13141025641025642 0.11538461538461539
4 0.6602564102564102 0.9375 0.15705128205128205 0.1201923076923077
4 0.5544871794871795 0.9735576923076923 0.13141025641025642 0.04567307692307692