4 0.9615384615384616 0.29086538461538464 0.07371794871794872 0.22115384615384615
3 0.9583333333333334 0.8413461538461539 0.0641025641025641 0.07451923076923077
3 0.875 0.8341346153846154 0.125 0.0985576923076923
3 0.47435897435897434 0.25961538461538464 0.11538461538461539 0.15144230769230768
3 0.5641025641025641 0.37740384615384615 0.20192307692307693 0.16105769230769232
3 0.34615384615384615 0.3245192307692308 0.1987179487179487 0.13221153846153846
3 0.2980769230769231 0.4807692307692308 0.2403846153846154 0.1875
5 0.5096153846153846 0.5408653846153846 0.22756410256410256 0.18028846153846154
5 0.4551282051282051 0.7019230769230769 0.20192307692307693 0.15144230769230768
4 0.2980769230769231 0.6418269230769231 0.1858974358974359 0.13701923076923078
4 0.6025641025641025 0.6778846153846154 0.15064102564102563 0.12980769230769232
4 0.5384615384615384 0.8076923076923077 0.15384615384615385 0.11057692307692307
4 0.3173076923076923 0.7956730769230769 0.16666666666666666 0.13221153846153846