2 0.028846153846153848 0.22435897435897437 0.057692307692307696 0.0673076923076923
1 0.31490384615384615 0.2532051282051282 0.07211538461538461 0.09294871794871795
1 0.3798076923076923 0.3141025641025641 0.09134615384615384 0.13141025641025642
1 0.3317307692307692 0.3333333333333333 0.05048076923076923 0.08974358974358974
1 0.42788461538461536 0.2724358974358974 0.01201923076923077 0.016025641025641024
1 0.16105769230769232 0.47115384615384615 0.055288461538461536 0.0641025641025641
1 0.21153846153846154 0.4967948717948718 0.052884615384615384 0.060897435897435896
1 0.17067307692307693 0.5288461538461539 0.057692307692307696 0.07371794871794872
1 0.13221153846153846 0.5288461538461539 0.040865384615384616 0.05128205128205128
1 0.1346153846153846 0.5705128205128205 0.036057692307692304 0.041666666666666664
1 0.23798076923076922 0.6089743589743589 0.052884615384615384 0.0673076923076923
1 0.2764423076923077 0.6314102564102564 0.038461538461538464 0.057692307692307696
1 0.49759615384615385 0.7948717948717948 0.07692307692307693 0.09935897435897435
0 0.5432692307692307 0.717948717948718 0.08173076923076923 0.11217948717948718
0 0.46634615384615385 0.6891025641025641 0.08413461538461539 0.125
1 0.7788461538461539 0.42628205128205127 0.1778846153846154 0.21153846153846154
1 0.6610576923076923 0.5256410256410257 0.1201923076923077 0.17307692307692307
1 0.7307692307692307 0.5384615384615384 0.05048076923076923 0.07051282051282051
0 0.6682692307692307 0.41346153846153844 0.07932692307692307 0.1282051282051282
2 0.8701923076923077 0.28205128205128205 0.14903846153846154 0.1891025641025641
1 0.7379807692307693 0.2532051282051282 0.11538461538461539 0.16666666666666666
1 0.59375 0.04807692307692308 0.04807692307692308 0.08333333333333333