4 0.4551282051282051 0.2764423076923077 0.16346153846153846 0.1346153846153846
4 0.3782051282051282 0.29086538461538464 0.08333333333333333 0.0985576923076923
5 0.5448717948717948 0.3245192307692308 0.07051282051282051 0.04567307692307692
4 0.5641025641025641 0.4230769230769231 0.125 0.10096153846153846
4 0.6025641025641025 0.5817307692307693 0.05128205128205128 0.03365384615384615
4 0.6602564102564102 0.5048076923076923 0.10897435897435898 0.08173076923076923
4 0.592948717948718 0.6514423076923077 0.0673076923076923 0.055288461538461536
4 0.6506410256410257 0.6730769230769231 0.07692307692307693 0.06009615384615385
4 0.6410256410256411 0.7331730769230769 0.08974358974358974 0.06971153846153846
4 0.6634615384615384 0.8004807692307693 0.08012820512820513 0.0673076923076923
5 0.5705128205128205 0.2548076923076923 0.07692307692307693 0.06009615384615385