5 0.7147435897435898 0.19471153846153846 0.125 0.09615384615384616
5 0.8108974358974359 0.2668269230769231 0.0673076923076923 0.05048076923076923
5 0.7852564102564102 0.3389423076923077 0.15064102564102563 0.10096153846153846
4 0.8076923076923077 0.4110576923076923 0.10576923076923077 0.07692307692307693
4 0.9134615384615384 0.5288461538461539 0.10576923076923077 0.0625
4 0.8974358974358975 0.5793269230769231 0.08012820512820513 0.052884615384615384
4 0.6378205128205128 0.8149038461538461 0.0673076923076923 0.055288461538461536
4 0.6442307692307693 0.7668269230769231 0.05128205128205128 0.040865384615384616
5 0.6506410256410257 0.7019230769230769 0.07051282051282051 0.052884615384615384
4 0.6378205128205128 0.7307692307692307 0.05128205128205128 0.036057692307692304
4 0.7275641025641025 0.7019230769230769 0.057692307692307696 0.036057692307692304
4 0.38461538461538464 0.7764423076923077 0.04487179487179487 0.038461538461538464
4 0.22115384615384615 0.7620192307692307 0.07051282051282051 0.057692307692307696
4 0.23397435897435898 0.7908653846153846 0.0641025641025641 0.04567307692307692
4 0.1955128205128205 0.8269230769230769 0.05448717948717949 0.04807692307692308
4 0.125 0.8076923076923077 0.07692307692307693 0.06009615384615385
4 0.125 0.84375 0.0673076923076923 0.03365384615384615
3 0.23397435897435898 0.6875 0.0673076923076923 0.06009615384615385
5 0.14423076923076922 0.7307692307692307 0.08012820512820513 0.0673076923076923
5 0.22115384615384615 0.6490384615384616 0.060897435897435896 0.036057692307692304
4 0.40064102564102566 0.6899038461538461 0.060897435897435896 0.05048076923076923
4 0.10897435897435898 0.6225961538461539 0.05448717948717949 0.05048076923076923
3 0.23076923076923078 0.5889423076923077 0.07051282051282051 0.06009615384615385
5 0.5064102564102564 0.5600961538461539 0.07051282051282051 0.052884615384615384
4 0.44871794871794873 0.6057692307692307 0.07371794871794872 0.057692307692307696
4 0.038461538461538464 0.4807692307692308 0.07371794871794872 0.04807692307692308
4 0.09294871794871795 0.5144230769230769 0.07371794871794872 0.052884615384615384
4 0.1346153846153846 0.5528846153846154 0.08333333333333333 0.055288461538461536
5 0.391025641025641 0.49278846153846156 0.04807692307692308 0.036057692307692304
3 0.34294871794871795 0.46153846153846156 0.04807692307692308 0.028846153846153848
4 0.5608974358974359 0.47115384615384615 0.07051282051282051 0.05048076923076923
4 0.5512820512820513 0.4254807692307692 0.09294871794871795 0.06971153846153846
4 0.7211538461538461 0.2932692307692308 0.0641025641025641 0.040865384615384616
4 0.6826923076923077 0.33413461538461536 0.07371794871794872 0.06009615384615385
4 0.6057692307692307 0.34375 0.09294871794871795 0.07211538461538461
4 0.5448717948717948 0.3293269230769231 0.08333333333333333 0.07692307692307693
4 0.5352564102564102 0.37740384615384615 0.07371794871794872 0.04807692307692308
4 0.20512820512820512 0.1971153846153846 0.04487179487179487 0.04326923076923077
4 0.3108974358974359 0.19951923076923078 0.05128205128205128 0.040865384615384616