5 0.16025641025641027 0.2644230769230769 0.13782051282051283 0.10096153846153846
5 0.33653846153846156 0.34375 0.14423076923076922 0.10336538461538461
5 0.17307692307692307 0.3389423076923077 0.09935897435897435 0.06009615384615385
4 0.32051282051282054 0.45913461538461536 0.125 0.08413461538461539
4 0.38461538461538464 0.5817307692307693 0.11217948717948718 0.07932692307692307
4 0.14743589743589744 0.4639423076923077 0.0673076923076923 0.038461538461538464
4 0.1987179487179487 0.5072115384615384 0.08653846153846154 0.06490384615384616
4 0.24358974358974358 0.59375 0.08974358974358974 0.07211538461538461
4 0.22115384615384615 0.6466346153846154 0.07692307692307693 0.055288461538461536
4 0.23397435897435898 0.5600961538461539 0.0641025641025641 0.036057692307692304
4 0.28525641025641024 0.6923076923076923 0.0673076923076923 0.04807692307692308
4 0.11858974358974358 0.5625 0.028846153846153848 0.02403846153846154
4 0.20512820512820512 0.7043269230769231 0.022435897435897436 0.02403846153846154
4 0.3525641025641026 0.7403846153846154 0.03205128205128205 0.03365384615384615
4 0.4230769230769231 0.6610576923076923 0.05128205128205128 0.040865384615384616
4 0.3717948717948718 0.6225961538461539 0.05448717948717949 0.026442307692307692
3 0.5160256410256411 0.8269230769230769 0.0673076923076923 0.055288461538461536
3 0.5128205128205128 0.8894230769230769 0.04807692307692308 0.055288461538461536
5 0.5833333333333334 0.90625 0.05448717948717949 0.04807692307692308
4 0.1891025641025641 0.9759615384615384 0.057692307692307696 0.040865384615384616
4 0.2948717948717949 0.5456730769230769 0.04807692307692308 0.04326923076923077
4 0.26282051282051283 0.39903846153846156 0.0641025641025641 0.04807692307692308
4 0.4807692307692308 0.5216346153846154 0.04807692307692308 0.03365384615384615
4 0.5096153846153846 0.6153846153846154 0.038461538461538464 0.028846153846153848
5 0.6314102564102564 0.25721153846153844 0.04807692307692308 0.036057692307692304
4 0.6346153846153846 0.2956730769230769 0.04807692307692308 0.038461538461538464
4 0.6698717948717948 0.39663461538461536 0.05448717948717949 0.038461538461538464
4 0.7019230769230769 0.4254807692307692 0.05128205128205128 0.038461538461538464
4 0.5801282051282052 0.40865384615384615 0.041666666666666664 0.03365384615384615
4 0.5480769230769231 0.4182692307692308 0.041666666666666664 0.03125
4 0.5961538461538461 0.4831730769230769 0.04487179487179487 0.036057692307692304
4 0.75 0.4110576923076923 0.05128205128205128 0.03365384615384615
4 0.7403846153846154 0.4519230769230769 0.04487179487179487 0.028846153846153848
3 0.7051282051282052 0.3245192307692308 0.04807692307692308 0.040865384615384616
4 0.6730769230769231 0.33413461538461536 0.03205128205128205 0.02403846153846154
4 0.7339743589743589 0.33413461538461536 0.038461538461538464 0.03125
3 0.8653846153846154 0.4254807692307692 0.0641025641025641 0.04567307692307692
4 0.9134615384615384 0.5096153846153846 0.05128205128205128 0.036057692307692304
4 0.9230769230769231 0.46153846153846156 0.04807692307692308 0.036057692307692304
4 0.8814102564102564 0.49759615384615385 0.04807692307692308 0.036057692307692304
4 0.24358974358974358 0.5168269230769231 0.057692307692307696 0.05048076923076923
4 0.2948717948717949 0.6177884615384616 0.057692307692307696 0.04567307692307692
4 0.2564102564102564 0.7091346153846154 0.04807692307692308 0.038461538461538464
4 0.9230769230769231 0.5697115384615384 0.04807692307692308 0.03125
4 0.9583333333333334 0.5769230769230769 0.035256410256410256 0.02403846153846154
4 0.8237179487179487 0.010817307692307692 0.03205128205128205 0.021634615384615384
4 0.875 0.07451923076923077 0.022435897435897436 0.014423076923076924
4 0.9391025641025641 0.05048076923076923 0.02564102564102564 0.019230769230769232
4 0.9487179487179487 0.02403846153846154 0.022435897435897436 0.019230769230769232
3 0.9166666666666666 0.3317307692307692 0.038461538461538464 0.026442307692307692
3 0.8910256410256411 0.3557692307692308 0.03205128205128205 0.02403846153846154
3 0.8685897435897436 0.34615384615384615 0.038461538461538464 0.028846153846153848
3 0.9807692307692307 0.35336538461538464 0.028846153846153848 0.02403846153846154
4 0.6762820512820513 0.2956730769230769 0.03205128205128205 0.028846153846153848