1 0.7243589743589743 0.22596153846153846 0.125 0.12259615384615384
1 0.07692307692307693 0.23798076923076922 0.08653846153846154 0.06009615384615385
1 0.6314102564102564 0.3293269230769231 0.20833333333333334 0.14182692307692307
1 0.01282051282051282 0.4206730769230769 0.02564102564102564 0.028846153846153848
1 0.3076923076923077 0.3605769230769231 0.10256410256410256 0.07692307692307693
1 0.24358974358974358 0.39903846153846156 0.14102564102564102 0.11538461538461539
1 0.3333333333333333 0.4326923076923077 0.09935897435897435 0.0673076923076923
1 0.5288461538461539 0.8173076923076923 0.11858974358974358 0.11298076923076923
1 0.4230769230769231 0.7716346153846154 0.11538461538461539 0.09134615384615384
1 0.4391025641025641 0.8605769230769231 0.10576923076923077 0.08653846153846154
2 0.3814102564102564 0.9375 0.0641025641025641 0.055288461538461536
2 0.11858974358974358 0.7427884615384616 0.05448717948717949 0.040865384615384616
1 0.07692307692307693 0.7668269230769231 0.057692307692307696 0.04326923076923077
1 0.12179487179487179 0.7788461538461539 0.05128205128205128 0.03365384615384615
1 0.09294871794871795 0.5721153846153846 0.09294871794871795 0.06009615384615385
2 0.060897435897435896 0.6370192307692307 0.03205128205128205 0.028846153846153848
1 0.02564102564102564 0.6346153846153846 0.038461538461538464 0.026442307692307692