4 0.967948717948718 0.2956730769230769 0.057692307692307696 0.07451923076923077
4 0.9423076923076923 0.39663461538461536 0.10897435897435898 0.07451923076923077
4 0.9423076923076923 0.4831730769230769 0.11217948717948718 0.07451923076923077
4 0.9262820512820513 0.5504807692307693 0.09615384615384616 0.055288461538461536
4 0.022435897435897436 0.5024038461538461 0.038461538461538464 0.028846153846153848
4 0.014423076923076924 0.5709134615384616 0.028846153846153848 0.026442307692307692
4 0.13782051282051283 0.9014423076923077 0.04807692307692308 0.03125
5 0.5352564102564102 0.7692307692307693 0.028846153846153848 0.02403846153846154
3 0.5032051282051282 0.7692307692307693 0.03205128205128205 0.02403846153846154
4 0.5480769230769231 0.7211538461538461 0.03205128205128205 0.021634615384615384
4 0.1955128205128205 0.7620192307692307 0.03205128205128205 0.02403846153846154
4 0.22756410256410256 0.7644230769230769 0.035256410256410256 0.02403846153846154
4 0.21794871794871795 0.7403846153846154 0.03205128205128205 0.021634615384615384