4 0.9166666666666666 0.20673076923076922 0.15384615384615385 0.12259615384615384
3 0.27884615384615385 0.3125 0.15064102564102563 0.11298076923076923
3 0.7371794871794872 0.3557692307692308 0.18269230769230768 0.13701923076923078
5 0.17307692307692307 0.39903846153846156 0.125 0.0889423076923077
4 0.2916666666666667 0.4230769230769231 0.12179487179487179 0.0889423076923077
5 0.8525641025641025 0.4519230769230769 0.1794871794871795 0.12980769230769232
4 0.2532051282051282 0.5264423076923077 0.10897435897435898 0.07932692307692307
4 0.7756410256410257 0.5288461538461539 0.10897435897435898 0.0985576923076923
4 0.6891025641025641 0.5408653846153846 0.16346153846153846 0.125
4 0.7339743589743589 0.6394230769230769 0.14102564102564102 0.0985576923076923
4 0.7948717948717948 0.6322115384615384 0.07371794871794872 0.08413461538461539
3 0.14423076923076922 0.6346153846153846 0.09615384615384616 0.06971153846153846
3 0.057692307692307696 0.6995192307692307 0.10897435897435898 0.07932692307692307
3 0.15705128205128205 0.6778846153846154 0.09935897435897435 0.06490384615384616
5 0.19230769230769232 0.7235576923076923 0.09294871794871795 0.0673076923076923
4 0.1891025641025641 0.7764423076923077 0.07692307692307693 0.052884615384615384
4 0.1794871794871795 0.8317307692307693 0.07371794871794872 0.055288461538461536
4 0.11858974358974358 0.7884615384615384 0.08653846153846154 0.0673076923076923