4 0.21794871794871795 0.49278846153846156 0.10897435897435898 0.07451923076923077
5 0.4166666666666667 0.3605769230769231 0.17307692307692307 0.1201923076923077
4 0.2948717948717949 0.6850961538461539 0.08974358974358974 0.0625
4 0.3942307692307692 0.6995192307692307 0.10897435897435898 0.0673076923076923
4 0.4198717948717949 0.6322115384615384 0.13782051282051283 0.09134615384615384
4 0.48717948717948717 0.5625 0.10256410256410256 0.07211538461538461
3 0.5673076923076923 0.3629807692307692 0.13141025641025642 0.10817307692307693
4 0.5608974358974359 0.45913461538461536 0.08012820512820513 0.057692307692307696
4 0.6089743589743589 0.4807692307692308 0.04807692307692308 0.038461538461538464
4 0.5769230769230769 0.5769230769230769 0.09615384615384616 0.07932692307692307
4 0.5673076923076923 0.7548076923076923 0.08333333333333333 0.0673076923076923