5 0.8365384615384616 0.6105769230769231 0.10256410256410256 0.08173076923076923
5 0.8044871794871795 0.5240384615384616 0.10576923076923077 0.08173076923076923
4 0.6474358974358975 0.46153846153846156 0.08653846153846154 0.06971153846153846
5 0.5288461538461539 0.53125 0.08653846153846154 0.06490384615384616
5 0.4358974358974359 0.5889423076923077 0.09294871794871795 0.07211538461538461
5 0.5480769230769231 0.6923076923076923 0.1282051282051282 0.09615384615384616
4 0.6442307692307693 0.6826923076923077 0.0641025641025641 0.052884615384615384
4 0.5256410256410257 0.7475961538461539 0.04807692307692308 0.036057692307692304
5 0.6314102564102564 0.7596153846153846 0.11217948717948718 0.0889423076923077
4 0.22756410256410256 0.5552884615384616 0.08974358974358974 0.07211538461538461
5 0.14423076923076922 0.6346153846153846 0.13141025641025642 0.08173076923076923
4 0.7884615384615384 0.4735576923076923 0.04807692307692308 0.03125