4 0.8381410256410257 0.06610576923076923 0.32371794871794873 0.13221153846153846
4 0.7692307692307693 0.12259615384615384 0.34615384615384615 0.24278846153846154
4 0.9166666666666666 0.19471153846153846 0.12179487179487179 0.08413461538461539
4 0.8814102564102564 0.33413461538461536 0.09935897435897435 0.07692307692307693
5 0.5993589743589743 0.06490384615384616 0.12179487179487179 0.1201923076923077
3 0.46794871794871795 0.17067307692307693 0.25961538461538464 0.21153846153846154
3 0.32051282051282054 0.2932692307692308 0.3076923076923077 0.2283653846153846
4 0.5480769230769231 0.34375 0.2467948717948718 0.19230769230769232
5 0.38461538461538464 0.5721153846153846 0.23397435897435898 0.17067307692307693
4 0.5833333333333334 0.6802884615384616 0.13782051282051283 0.11057692307692307
4 0.4775641025641026 0.7283653846153846 0.1762820512820513 0.1346153846153846
4 0.49038461538461536 0.8052884615384616 0.1346153846153846 0.08173076923076923
4 0.7916666666666666 0.24519230769230768 0.09615384615384616 0.052884615384615384