5 0.8653846153846154 0.7980769230769231 0.03205128205128205 0.028846153846153848
5 0.8397435897435898 0.8052884615384616 0.038461538461538464 0.03125
5 0.8141025641025641 0.7908653846153846 0.02564102564102564 0.021634615384615384
5 0.8141025641025641 0.8149038461538461 0.03205128205128205 0.026442307692307692
4 0.8525641025641025 0.8221153846153846 0.03205128205128205 0.016826923076923076
3 0.6955128205128205 0.7764423076923077 0.03205128205128205 0.026442307692307692
5 0.6858974358974359 0.7932692307692307 0.03205128205128205 0.02403846153846154
5 0.6666666666666666 0.7740384615384616 0.02564102564102564 0.03125
4 0.09615384615384616 0.4375 0.07051282051282051 0.05048076923076923
4 0.08653846153846154 0.4807692307692308 0.07051282051282051 0.04807692307692308
4 0.11538461538461539 0.5072115384615384 0.05448717948717949 0.036057692307692304
4 0.09615384615384616 0.5456730769230769 0.04807692307692308 0.03365384615384615
4 0.04487179487179487 0.5649038461538461 0.04487179487179487 0.028846153846153848
4 0.01282051282051282 0.5 0.02564102564102564 0.040865384615384616
4 0.01282051282051282 0.5504807692307693 0.02564102564102564 0.03125
4 0.592948717948718 0.28125 0.1346153846153846 0.0985576923076923
4 0.625 0.40384615384615385 0.15384615384615385 0.10576923076923077
4 0.5641025641025641 0.47596153846153844 0.125 0.09134615384615384
4 0.8814102564102564 0.44471153846153844 0.15384615384615385 0.11538461538461539
4 0.8878205128205128 0.5120192307692307 0.028846153846153848 0.016826923076923076
4 0.8141025641025641 0.5552884615384616 0.13141025641025642 0.10336538461538461
4 0.907051282051282 0.5120192307692307 0.022435897435897436 0.016826923076923076
4 0.8557692307692307 0.7259615384615384 0.035256410256410256 0.02403846153846154
4 0.8237179487179487 0.7091346153846154 0.035256410256410256 0.026442307692307692
4 0.6346153846153846 0.5721153846153846 0.11858974358974358 0.09375
4 0.7435897435897436 0.6225961538461539 0.125 0.10336538461538461
4 0.30448717948717946 0.7764423076923077 0.022435897435897436 0.016826923076923076
4 0.28846153846153844 0.7932692307692307 0.022435897435897436 0.019230769230769232
4 0.28205128205128205 0.8100961538461539 0.019230769230769232 0.014423076923076924
4 0.27564102564102566 0.8245192307692307 0.016025641025641024 0.014423076923076924
4 0.3141025641025641 0.8100961538461539 0.01282051282051282 0.014423076923076924
4 0.3076923076923077 0.7932692307692307 0.016025641025641024 0.014423076923076924
3 0.6121794871794872 0.8653846153846154 0.019230769230769232 0.021634615384615384
5 0.2564102564102564 0.7788461538461539 0.022435897435897436 0.014423076923076924
4 0.8333333333333334 0.3485576923076923 0.16346153846153846 0.1201923076923077
5 0.9871794871794872 0.8245192307692307 0.019230769230769232 0.026442307692307692