5 0.2916666666666667 0.25240384615384615 0.16987179487179488 0.1346153846153846
4 0.6282051282051282 0.34615384615384615 0.14423076923076922 0.10336538461538461
4 0.5608974358974359 0.3485576923076923 0.09294871794871795 0.0985576923076923
4 0.6217948717948718 0.4326923076923077 0.11217948717948718 0.09375
4 0.5641025641025641 0.44471153846153844 0.0641025641025641 0.08413461538461539
4 0.42948717948717946 0.43509615384615385 0.1282051282051282 0.10096153846153846
4 0.3269230769230769 0.5 0.13782051282051283 0.11298076923076923
4 0.41346153846153844 0.5841346153846154 0.11538461538461539 0.10576923076923077
4 0.4230769230769231 0.6658653846153846 0.09935897435897435 0.09134615384615384
4 0.30448717948717946 0.6730769230769231 0.10897435897435898 0.10336538461538461
4 0.4423076923076923 0.7427884615384616 0.09294871794871795 0.07692307692307693
4 0.42948717948717946 0.8173076923076923 0.0673076923076923 0.07451923076923077
4 0.3333333333333333 0.7596153846153846 0.09615384615384616 0.07932692307692307
4 0.34294871794871795 0.8293269230769231 0.09615384615384616 0.08413461538461539
4 0.6442307692307693 0.53125 0.08653846153846154 0.07451923076923077
4 0.6666666666666666 0.5793269230769231 0.07051282051282051 0.06009615384615385
4 0.6217948717948718 0.6322115384615384 0.0641025641025641 0.0625
4 0.5833333333333334 0.5985576923076923 0.060897435897435896 0.057692307692307696
4 0.6217948717948718 0.6658653846153846 0.05128205128205128 0.038461538461538464