4 0.05448717948717949 0.07932692307692307 0.10897435897435898 0.13221153846153846
4 0.3269230769230769 0.09375 0.04807692307692308 0.040865384615384616
4 0.052884615384615384 0.27163461538461536 0.10576923076923077 0.09615384615384616
4 0.07371794871794872 0.3269230769230769 0.11538461538461539 0.06971153846153846
4 0.02564102564102564 0.3389423076923077 0.05128205128205128 0.0673076923076923
4 0.02564102564102564 0.38461538461538464 0.05128205128205128 0.038461538461538464
4 0.08653846153846154 0.41346153846153844 0.09294871794871795 0.0625
4 0.052884615384615384 0.46875 0.10576923076923077 0.08173076923076923
4 0.08012820512820513 0.53125 0.09294871794871795 0.0625
4 0.027243589743589744 0.5576923076923077 0.05448717948717949 0.0625
4 0.019230769230769232 0.6634615384615384 0.038461538461538464 0.06009615384615385
4 0.11217948717948718 0.6442307692307693 0.05448717948717949 0.03125
4 0.04807692307692308 0.6730769230769231 0.060897435897435896 0.05048076923076923
3 0.5416666666666666 0.38221153846153844 0.08974358974358974 0.07211538461538461
3 0.5576923076923077 0.4230769230769231 0.10576923076923077 0.11057692307692307
3 0.6506410256410257 0.47836538461538464 0.13141025641025642 0.09615384615384616
4 0.6826923076923077 0.5456730769230769 0.07692307692307693 0.07211538461538461
3 0.5865384615384616 0.59375 0.15384615384615385 0.09615384615384616
3 0.3782051282051282 0.5721153846153846 0.11538461538461539 0.09375
3 0.2692307692307692 0.5600961538461539 0.1282051282051282 0.0889423076923077
3 0.2692307692307692 0.6586538461538461 0.14423076923076922 0.10576923076923077
3 0.42628205128205127 0.6538461538461539 0.1346153846153846 0.10336538461538461
4 0.40705128205128205 0.7427884615384616 0.07051282051282051 0.08173076923076923
4 0.483974358974359 0.8076923076923077 0.11858974358974358 0.10096153846153846
4 0.5608974358974359 0.8028846153846154 0.060897435897435896 0.07932692307692307
4 0.75 0.9663461538461539 0.07051282051282051 0.0625
4 0.33653846153846156 0.7115384615384616 0.07371794871794872 0.057692307692307696