3 0.4423076923076923 0.3389423076923077 0.1794871794871795 0.13701923076923078
3 0.4358974358974359 0.4254807692307692 0.1762820512820513 0.10336538461538461
5 0.36538461538461536 0.5216346153846154 0.16987179487179488 0.1201923076923077
4 0.25 0.6177884615384616 0.13141025641025642 0.10096153846153846
5 0.592948717948718 0.30528846153846156 0.13782051282051283 0.10817307692307693
5 0.5769230769230769 0.4326923076923077 0.14423076923076922 0.10817307692307693
5 0.7019230769230769 0.4831730769230769 0.14423076923076922 0.0985576923076923
4 0.6185897435897436 0.5697115384615384 0.16346153846153846 0.125
4 0.7019230769230769 0.6442307692307693 0.15064102564102563 0.10336538461538461
4 0.6378205128205128 0.7331730769230769 0.14102564102564102 0.10576923076923077
4 0.5480769230769231 0.8028846153846154 0.1346153846153846 0.10576923076923077
4 0.44551282051282054 0.7740384615384616 0.08012820512820513 0.06009615384615385