1 0.7884615384615384 0.04807692307692308 0.21794871794871795 0.09615384615384616
1 0.5961538461538461 0.057692307692307696 0.22756410256410256 0.11538461538461539
1 0.13782051282051283 0.04326923076923077 0.16987179487179488 0.08653846153846154
1 0.08333333333333333 0.3918269230769231 0.14743589743589744 0.10096153846153846
1 0.5288461538461539 0.5024038461538461 0.23717948717948717 0.17067307692307693
1 0.34615384615384615 0.5841346153846154 0.21153846153846154 0.16105769230769232
1 0.5032051282051282 0.6346153846153846 0.13141025641025642 0.0985576923076923
2 0.21153846153846154 0.7163461538461539 0.125 0.0889423076923077
0 0.1762820512820513 0.6346153846153846 0.125 0.0889423076923077
0 0.10256410256410256 0.6081730769230769 0.08974358974358974 0.06971153846153846
0 0.0641025641025641 0.6634615384615384 0.11217948717948718 0.08413461538461539
2 0.11858974358974358 0.7307692307692307 0.060897435897435896 0.03125
2 0.08653846153846154 0.7524038461538461 0.0673076923076923 0.04567307692307692