5 0.46474358974358976 0.34375 0.16025641025641027 0.125
5 0.4166666666666667 0.24759615384615385 0.13782051282051283 0.10576923076923077
4 0.5128205128205128 0.4014423076923077 0.12179487179487179 0.0673076923076923
5 0.6089743589743589 0.47836538461538464 0.15064102564102563 0.11778846153846154
3 0.40064102564102566 0.59375 0.0641025641025641 0.04807692307692308
5 0.27564102564102566 0.6033653846153846 0.060897435897435896 0.04567307692307692
4 0.34615384615384615 0.6322115384615384 0.057692307692307696 0.040865384615384616
4 0.26282051282051283 0.6514423076923077 0.057692307692307696 0.04326923076923077
4 0.2916666666666667 0.5168269230769231 0.05128205128205128 0.03365384615384615
4 0.34615384615384615 0.4855769230769231 0.04807692307692308 0.040865384615384616
4 0.4423076923076923 0.6730769230769231 0.038461538461538464 0.03125
4 0.391025641025641 0.6442307692307693 0.04487179487179487 0.03125
4 0.32371794871794873 0.6634615384615384 0.04807692307692308 0.021634615384615384
4 0.6891025641025641 0.6442307692307693 0.14102564102564102 0.10336538461538461
4 0.6506410256410257 0.6009615384615384 0.10256410256410256 0.06971153846153846
4 0.6314102564102564 0.6802884615384616 0.09294871794871795 0.07211538461538461
4 0.5833333333333334 0.7403846153846154 0.07051282051282051 0.05048076923076923
4 0.7051282051282052 0.7668269230769231 0.11538461538461539 0.08413461538461539
4 0.6794871794871795 0.8245192307692307 0.07371794871794872 0.057692307692307696
4 0.6025641025641025 0.8173076923076923 0.08974358974358974 0.0625
3 0.7756410256410257 0.31009615384615385 0.04807692307692308 0.036057692307692304
4 0.9198717948717948 0.5120192307692307 0.05128205128205128 0.040865384615384616
4 0.9166666666666666 0.5528846153846154 0.05448717948717949 0.036057692307692304
5 0.9519230769230769 0.47115384615384615 0.0641025641025641 0.04326923076923077
4 0.907051282051282 0.43990384615384615 0.060897435897435896 0.038461538461538464
4 0.9743589743589743 0.5120192307692307 0.04487179487179487 0.038461538461538464
4 0.8141025641025641 0.5048076923076923 0.05448717948717949 0.04326923076923077
4 0.8301282051282052 0.5384615384615384 0.05128205128205128 0.038461538461538464
4 0.8237179487179487 0.5721153846153846 0.04487179487179487 0.03125
4 0.7916666666666666 0.4423076923076923 0.05448717948717949 0.038461538461538464
4 0.7596153846153846 0.3701923076923077 0.041666666666666664 0.028846153846153848
5 0.6987179487179487 0.3629807692307692 0.041666666666666664 0.03125
5 0.7147435897435898 0.38461538461538464 0.038461538461538464 0.026442307692307692
3 0.8173076923076923 0.3557692307692308 0.04807692307692308 0.036057692307692304
5 0.6666666666666666 0.34134615384615385 0.035256410256410256 0.026442307692307692
4 0.7532051282051282 0.39903846153846156 0.041666666666666664 0.028846153846153848
4 0.8333333333333334 0.3870192307692308 0.04487179487179487 0.03125
4 0.8910256410256411 0.6538461538461539 0.04487179487179487 0.03125
4 0.8333333333333334 0.41346153846153844 0.038461538461538464 0.02403846153846154
4 0.717948717948718 0.40865384615384615 0.035256410256410256 0.021634615384615384
4 0.6858974358974359 0.3870192307692308 0.038461538461538464 0.03125
4 0.907051282051282 0.40865384615384615 0.05448717948717949 0.03125
4 0.34935897435897434 0.5649038461538461 0.038461538461538464 0.028846153846153848
4 0.3141025641025641 0.6081730769230769 0.035256410256410256 0.03365384615384615