3 0.4198717948717949 0.7283653846153846 0.16025641025641027 0.125
4 0.483974358974359 0.7572115384615384 0.10576923076923077 0.0985576923076923
5 0.5608974358974359 0.6826923076923077 0.1346153846153846 0.09375
3 0.7243589743589743 0.4230769230769231 0.04807692307692308 0.036057692307692304
3 0.592948717948718 0.4423076923076923 0.041666666666666664 0.038461538461538464
4 0.6121794871794872 0.47115384615384615 0.04487179487179487 0.028846153846153848
5 0.657051282051282 0.46875 0.05128205128205128 0.036057692307692304
4 0.7884615384615384 0.4326923076923077 0.04487179487179487 0.028846153846153848
4 0.9391025641025641 0.41346153846153844 0.038461538461538464 0.02403846153846154
5 0.8685897435897436 0.41586538461538464 0.038461538461538464 0.02403846153846154
4 0.75 0.40865384615384615 0.04487179487179487 0.03125
5 0.6346153846153846 0.3173076923076923 0.035256410256410256 0.026442307692307692