4 0.6794871794871795 0.1971153846153846 0.21794871794871795 0.15384615384615385
5 0.4967948717948718 0.27163461538461536 0.16346153846153846 0.10817307692307693
4 0.3301282051282051 0.15384615384615385 0.15705128205128205 0.15144230769230768
5 0.36538461538461536 0.2668269230769231 0.11858974358974358 0.08413461538461539
4 0.25 0.3173076923076923 0.16346153846153846 0.11538461538461539
4 0.3685897435897436 0.4014423076923077 0.14743589743589744 0.18028846153846154
4 0.4775641025641026 0.4206730769230769 0.16987179487179488 0.1466346153846154
4 0.27884615384615385 0.47596153846153844 0.15705128205128205 0.11538461538461539
4 0.5576923076923077 0.49759615384615385 0.14743589743589744 0.11057692307692307
4 0.4423076923076923 0.5576923076923077 0.16025641025641027 0.12259615384615384
4 0.3814102564102564 0.5360576923076923 0.09294871794871795 0.0889423076923077
4 0.5288461538461539 0.6225961538461539 0.13141025641025642 0.10096153846153846
4 0.49038461538461536 0.7067307692307693 0.09935897435897435 0.08173076923076923
4 0.38461538461538464 0.6610576923076923 0.1282051282051282 0.10096153846153846