2 0.3125 0.11858974358974358 0.11057692307692307 0.14423076923076922
2 0.24278846153846154 0.15384615384615385 0.11057692307692307 0.1346153846153846
1 0.6177884615384616 0.05128205128205128 0.055288461538461536 0.09294871794871795
1 0.5769230769230769 0.07051282051282051 0.03365384615384615 0.0641025641025641
1 0.5769230769230769 0.23397435897435898 0.03365384615384615 0.041666666666666664
1 0.5985576923076923 0.28205128205128205 0.07692307692307693 0.09615384615384616
0 0.22115384615384615 0.38782051282051283 0.07451923076923077 0.08974358974358974
2 0.22596153846153846 0.46794871794871795 0.08173076923076923 0.10576923076923077
2 0.27403846153846156 0.4775641025641026 0.057692307692307696 0.08974358974358974
1 0.28846153846153844 0.5256410256410257 0.06490384615384616 0.08012820512820513
2 0.5817307692307693 0.7884615384615384 0.10576923076923077 0.15705128205128205
0 0.6826923076923077 0.8461538461538461 0.12980769230769232 0.16666666666666666
1 0.7139423076923077 0.8044871794871795 0.15625 0.20192307692307693
1 0.014423076923076924 0.07692307692307693 0.028846153846153848 0.038461538461538464
1 0.016826923076923076 0.060897435897435896 0.028846153846153848 0.028846153846153848