3 0.8814102564102564 0.4254807692307692 0.15384615384615385 0.11538461538461539
3 0.7916666666666666 0.47115384615384615 0.17307692307692307 0.12259615384615384
4 0.8108974358974359 0.17067307692307693 0.07051282051282051 0.052884615384615384
3 0.717948717948718 0.08173076923076923 0.08012820512820513 0.055288461538461536
3 0.6057692307692307 0.0673076923076923 0.0673076923076923 0.06009615384615385
5 0.7115384615384616 0.04326923076923077 0.09615384615384616 0.08653846153846154
5 0.8173076923076923 0.09375 0.09294871794871795 0.0625
4 0.8269230769230769 0.036057692307692304 0.09615384615384616 0.07211538461538461
5 0.8493589743589743 0.5168269230769231 0.0641025641025641 0.06009615384615385
4 0.8814102564102564 0.5168269230769231 0.08012820512820513 0.06971153846153846
5 0.7339743589743589 0.5576923076923077 0.18269230769230768 0.12980769230769232
4 0.6826923076923077 0.6394230769230769 0.10576923076923077 0.04567307692307692
4 0.6955128205128205 0.6923076923076923 0.13141025641025642 0.0985576923076923
4 0.6410256410256411 0.4831730769230769 0.09935897435897435 0.057692307692307696
3 0.5961538461538461 0.4326923076923077 0.15705128205128205 0.10096153846153846
3 0.5544871794871795 0.3870192307692308 0.11538461538461539 0.07932692307692307
5 0.5 0.49038461538461536 0.16987179487179488 0.125
5 0.4775641025641026 0.6754807692307693 0.15705128205128205 0.1201923076923077
3 0.2980769230769231 0.5769230769230769 0.1987179487179487 0.13942307692307693
3 0.2532051282051282 0.4735576923076923 0.18269230769230768 0.11298076923076923
3 0.15705128205128205 0.34615384615384615 0.14743589743589744 0.10817307692307693
5 0.17307692307692307 0.5408653846153846 0.08012820512820513 0.09615384615384616
4 0.18269230769230768 0.43990384615384615 0.09615384615384616 0.07692307692307693
4 0.8237179487179487 0.5721153846153846 0.038461538461538464 0.055288461538461536