4 0.5833333333333334 0.051682692307692304 0.14102564102564102 0.10336538461538461
4 0.9134615384615384 0.04567307692307692 0.16666666666666666 0.09134615384615384
4 0.8525641025641025 0.15625 0.11858974358974358 0.0889423076923077
4 0.6698717948717948 0.21634615384615385 0.10576923076923077 0.07211538461538461
4 0.6442307692307693 0.25 0.14423076923076922 0.11057692307692307
4 0.8557692307692307 0.28846153846153844 0.13141025641025642 0.08173076923076923
4 0.7884615384615384 0.28365384615384615 0.035256410256410256 0.055288461538461536
4 0.6634615384615384 0.3269230769230769 0.11538461538461539 0.07211538461538461
4 0.5737179487179487 0.3317307692307692 0.07371794871794872 0.055288461538461536
5 0.5833333333333334 0.3245192307692308 0.11538461538461539 0.0985576923076923
4 0.6762820512820513 0.3942307692307692 0.057692307692307696 0.07932692307692307
3 0.3974358974358974 0.3076923076923077 0.16025641025641027 0.1346153846153846
5 0.5480769230769231 0.4375 0.11217948717948718 0.09134615384615384
5 0.48717948717948717 0.4855769230769231 0.125 0.10096153846153846
4 0.38461538461538464 0.5384615384615384 0.12179487179487179 0.09134615384615384
4 0.4775641025641026 0.5985576923076923 0.12179487179487179 0.0889423076923077
4 0.3974358974358974 0.6778846153846154 0.11858974358974358 0.09375
3 0.22435897435897437 0.6610576923076923 0.10897435897435898 0.07932692307692307
3 0.25961538461538464 0.7283653846153846 0.09294871794871795 0.07451923076923077
5 0.3141025641025641 0.7932692307692307 0.09935897435897435 0.08173076923076923
4 0.2532051282051282 0.7860576923076923 0.07051282051282051 0.06009615384615385
4 0.30448717948717946 0.8846153846153846 0.08012820512820513 0.0673076923076923
4 0.7371794871794872 0.3076923076923077 0.08333333333333333 0.04567307692307692