3 0.6121794871794872 0.10336538461538461 0.21153846153846154 0.18269230769230768
3 0.38782051282051283 0.21394230769230768 0.1955128205128205 0.15625
3 0.6378205128205128 0.33413461538461536 0.1762820512820513 0.13701923076923078
5 0.6217948717948718 0.45913461538461536 0.15705128205128205 0.11298076923076923
4 0.27564102564102566 0.2980769230769231 0.1858974358974359 0.14423076923076922
4 0.40705128205128205 0.38221153846153844 0.16346153846153846 0.12259615384615384
3 0.46474358974358976 0.43509615384615385 0.16025641025641027 0.1201923076923077
4 0.26282051282051283 0.4495192307692308 0.16666666666666666 0.12740384615384615
3 0.15384615384615385 0.3605769230769231 0.1282051282051282 0.0985576923076923
3 0.125 0.5096153846153846 0.1346153846153846 0.09615384615384616
4 0.2564102564102564 0.5817307692307693 0.1346153846153846 0.10817307692307693
4 0.16346153846153846 0.5576923076923077 0.09615384615384616 0.0673076923076923
4 0.19230769230769232 0.6346153846153846 0.10256410256410256 0.07451923076923077
4 0.3974358974358974 0.5865384615384616 0.15705128205128205 0.1201923076923077
4 0.4583333333333333 0.5432692307692307 0.14423076923076922 0.10336538461538461
4 0.5961538461538461 0.6177884615384616 0.13141025641025642 0.10336538461538461
4 0.38782051282051283 0.7043269230769231 0.11858974358974358 0.0985576923076923
4 0.4519230769230769 0.6730769230769231 0.12179487179487179 0.10336538461538461
4 0.2692307692307692 0.7427884615384616 0.09935897435897435 0.07451923076923077
4 0.4807692307692308 0.8173076923076923 0.10576923076923077 0.08413461538461539
4 0.5833333333333334 0.71875 0.11538461538461539 0.09134615384615384
4 0.592948717948718 0.8413461538461539 0.07371794871794872 0.0625
4 0.27884615384615385 0.6971153846153846 0.08012820512820513 0.04567307692307692
4 0.2532051282051282 0.6538461538461539 0.0641025641025641 0.04326923076923077