3 0.34615384615384615 0.28846153846153844 0.08333333333333333 0.06009615384615385
3 0.19230769230769232 0.32211538461538464 0.08974358974358974 0.0625
3 0.014423076923076924 0.36778846153846156 0.028846153846153848 0.02403846153846154
3 0.3301282051282051 0.3798076923076923 0.07692307692307693 0.055288461538461536
5 0.05448717948717949 0.3942307692307692 0.03205128205128205 0.02403846153846154
5 0.014423076923076924 0.421875 0.028846153846153848 0.03125
4 0.03205128205128205 0.43990384615384615 0.028846153846153848 0.021634615384615384
4 0.019230769230769232 0.4519230769230769 0.038461538461538464 0.02403846153846154
4 0.05128205128205128 0.4639423076923077 0.016025641025641024 0.01201923076923077
4 0.21474358974358973 0.41586538461538464 0.07692307692307693 0.052884615384615384
4 0.32051282051282054 0.43509615384615385 0.07371794871794872 0.052884615384615384
4 0.3141025641025641 0.47596153846153844 0.0641025641025641 0.040865384615384616
4 0.23397435897435898 0.47836538461538464 0.07371794871794872 0.052884615384615384
4 0.2564102564102564 0.5096153846153846 0.060897435897435896 0.04326923076923077
4 0.3108974358974359 0.5120192307692307 0.04807692307692308 0.036057692307692304
3 0.34935897435897434 0.4951923076923077 0.05128205128205128 0.03125
5 0.40064102564102566 0.49759615384615385 0.04487179487179487 0.03125
4 0.375 0.5288461538461539 0.035256410256410256 0.02403846153846154
3 0.7596153846153846 0.4879807692307692 0.14102564102564102 0.09615384615384616
3 0.5865384615384616 0.5552884615384616 0.15384615384615385 0.10817307692307693
3 0.4775641025641026 0.6033653846153846 0.041666666666666664 0.03125
3 0.41346153846153844 0.6009615384615384 0.05128205128205128 0.036057692307692304
5 0.4230769230769231 0.6418269230769231 0.05128205128205128 0.03365384615384615
4 0.4775641025641026 0.6514423076923077 0.038461538461538464 0.028846153846153848
4 0.4326923076923077 0.6754807692307693 0.04807692307692308 0.03365384615384615
5 0.6185897435897436 0.6995192307692307 0.14743589743589744 0.10096153846153846
4 0.7692307692307693 0.7043269230769231 0.1282051282051282 0.0985576923076923
4 0.657051282051282 0.7644230769230769 0.12179487179487179 0.07692307692307693
3 0.6858974358974359 0.4495192307692308 0.02564102564102564 0.019230769230769232
5 0.625 0.9711538461538461 0.05448717948717949 0.05048076923076923