4 0.358974358974359 0.24519230769230768 0.20833333333333334 0.1971153846153846
4 0.375 0.37740384615384615 0.14743589743589744 0.12980769230769232
4 0.5096153846153846 0.47836538461538464 0.1762820512820513 0.15144230769230768
4 0.41346153846153844 0.49038461538461536 0.09294871794871795 0.1201923076923077
4 0.5256410256410257 0.6177884615384616 0.13782051282051283 0.13701923076923078
4 0.6346153846153846 0.6370192307692307 0.10256410256410256 0.09134615384615384
4 0.6153846153846154 0.7307692307692307 0.10897435897435898 0.09375
4 0.5833333333333334 0.6995192307692307 0.0641025641025641 0.06490384615384616
3 0.907051282051282 0.9014423076923077 0.08333333333333333 0.06009615384615385
4 0.9615384615384616 0.10096153846153846 0.0641025641025641 0.0625
4 0.9551282051282052 0.03365384615384615 0.0641025641025641 0.0673076923076923
3 0.9294871794871795 0.8485576923076923 0.0673076923076923 0.040865384615384616