4 0.5096153846153846 0.375 0.1955128205128205 0.14182692307692307
4 0.3685897435897436 0.4254807692307692 0.14423076923076922 0.10576923076923077
4 0.30448717948717946 0.34134615384615385 0.02564102564102564 0.019230769230769232
4 0.07371794871794872 0.45913461538461536 0.035256410256410256 0.026442307692307692
4 0.07371794871794872 0.4879807692307692 0.03205128205128205 0.021634615384615384
4 0.05448717948717949 0.5096153846153846 0.028846153846153848 0.02403846153846154
4 0.02564102564102564 0.5144230769230769 0.02564102564102564 0.019230769230769232
4 0.5961538461538461 0.5024038461538461 0.1891025641025641 0.1346153846153846
4 0.4519230769230769 0.5192307692307693 0.13141025641025642 0.11298076923076923
4 0.6474358974358975 0.6322115384615384 0.1794871794871795 0.13221153846153846
4 0.5032051282051282 0.6153846153846154 0.125 0.10336538461538461
4 0.5993589743589743 0.6947115384615384 0.125 0.09134615384615384
4 0.7564102564102564 0.7067307692307693 0.15064102564102563 0.11778846153846154
4 0.6891025641025641 0.75 0.09935897435897435 0.09134615384615384
4 0.25 0.8269230769230769 0.038461538461538464 0.03125
4 0.23076923076923078 0.8605769230769231 0.035256410256410256 0.028846153846153848
4 0.20192307692307693 0.875 0.038461538461538464 0.028846153846153848
4 0.17307692307692307 0.9134615384615384 0.035256410256410256 0.026442307692307692
4 0.27884615384615385 0.8125 0.03205128205128205 0.02403846153846154
4 0.035256410256410256 0.7451923076923077 0.02564102564102564 0.021634615384615384
4 0.05128205128205128 0.7548076923076923 0.02564102564102564 0.019230769230769232
4 0.009615384615384616 0.7283653846153846 0.019230769230769232 0.019230769230769232
4 0.27884615384615385 0.8365384615384616 0.028846153846153848 0.021634615384615384
4 0.3108974358974359 0.8725961538461539 0.02564102564102564 0.019230769230769232
4 0.2692307692307692 0.8894230769230769 0.022435897435897436 0.021634615384615384
4 0.16025641025641027 0.9711538461538461 0.03205128205128205 0.03365384615384615