3 0.42628205128205127 0.17067307692307693 0.22756410256410256 0.17548076923076922
4 0.7756410256410257 0.3125 0.21794871794871795 0.16826923076923078
4 0.8685897435897436 0.28365384615384615 0.0641025641025641 0.09615384615384616
4 0.7467948717948718 0.47596153846153844 0.21794871794871795 0.14423076923076922
4 0.6891025641025641 0.5192307692307693 0.14743589743589744 0.08653846153846154
4 0.6730769230769231 0.6394230769230769 0.21153846153846154 0.15625
4 0.6089743589743589 0.5865384615384616 0.08012820512820513 0.055288461538461536
4 0.5480769230769231 0.7163461538461539 0.060897435897435896 0.052884615384615384
4 0.40705128205128205 0.36778846153846156 0.1987179487179487 0.15384615384615385
4 0.4967948717948718 0.3894230769230769 0.09294871794871795 0.10336538461538461
4 0.3525641025641026 0.5048076923076923 0.20512820512820512 0.12980769230769232
4 0.33974358974358976 0.6346153846153846 0.16666666666666666 0.125