3 0.40064102564102566 0.22355769230769232 0.23397435897435898 0.19951923076923078
3 0.5961538461538461 0.27403846153846156 0.22115384615384615 0.1778846153846154
3 0.44871794871794873 0.40625 0.22756410256410256 0.17548076923076922
3 0.34935897435897434 0.5697115384615384 0.26282051282051283 0.19951923076923078
5 0.5096153846153846 0.5913461538461539 0.16346153846153846 0.15384615384615385
5 0.5769230769230769 0.43509615384615385 0.15064102564102563 0.13942307692307693
4 0.6858974358974359 0.5865384615384616 0.1955128205128205 0.14903846153846154
4 0.3974358974358974 0.7307692307692307 0.20192307692307693 0.15625
4 0.6730769230769231 0.6754807692307693 0.16666666666666666 0.10576923076923077
4 0.5480769230769231 0.7139423076923077 0.14423076923076922 0.125
4 0.4807692307692308 0.8052884615384616 0.14102564102564102 0.10096153846153846
4 0.38782051282051283 0.8870192307692307 0.13782051282051283 0.1201923076923077
3 0.2692307692307692 0.6538461538461539 0.11217948717948718 0.08413461538461539