3 0.5576923076923077 0.16105769230769232 0.1891025641025641 0.18269230769230768
4 0.5673076923076923 0.34134615384615385 0.16666666666666666 0.14903846153846154
4 0.3525641025641026 0.2764423076923077 0.16346153846153846 0.1466346153846154
4 0.3814102564102564 0.4326923076923077 0.1282051282051282 0.12740384615384615
4 0.5769230769230769 0.49278846153846156 0.14423076923076922 0.12980769230769232
4 0.4198717948717949 0.5336538461538461 0.12179487179487179 0.11538461538461539
4 0.46474358974358976 0.5745192307692307 0.08333333333333333 0.08173076923076923
4 0.5192307692307693 0.5961538461538461 0.13141025641025642 0.11057692307692307
4 0.6057692307692307 0.6442307692307693 0.10897435897435898 0.10336538461538461
3 0.4166666666666667 0.96875 0.060897435897435896 0.055288461538461536
3 0.358974358974359 0.9711538461538461 0.08012820512820513 0.052884615384615384