1 0.28205128205128205 0.9110576923076923 0.07692307692307693 0.06009615384615385
0 0.2403846153846154 0.8557692307692307 0.08653846153846154 0.07692307692307693
0 0.3269230769230769 0.8557692307692307 0.08012820512820513 0.06971153846153846
1 0.44551282051282054 0.7836538461538461 0.1282051282051282 0.11538461538461539
1 0.375 0.7956730769230769 0.08333333333333333 0.0889423076923077
2 0.5096153846153846 0.6947115384615384 0.10897435897435898 0.0889423076923077
1 0.40705128205128205 0.6947115384615384 0.09294871794871795 0.07692307692307693
0 0.38461538461538464 0.7307692307692307 0.060897435897435896 0.040865384615384616
1 0.028846153846153848 0.8245192307692307 0.05128205128205128 0.038461538461538464
1 0.11217948717948718 0.6754807692307693 0.09294871794871795 0.07692307692307693
1 0.035256410256410256 0.6394230769230769 0.07051282051282051 0.052884615384615384
1 0.05448717948717949 0.6778846153846154 0.038461538461538464 0.052884615384615384
1 0.32371794871794873 0.39663461538461536 0.05128205128205128 0.05048076923076923
1 0.46153846153846156 0.5024038461538461 0.09935897435897435 0.07211538461538461
1 0.483974358974359 0.4495192307692308 0.08653846153846154 0.07692307692307693
1 0.5576923076923077 0.41586538461538464 0.08974358974358974 0.06009615384615385
1 0.5993589743589743 0.22115384615384615 0.10576923076923077 0.08413461538461539
1 0.5544871794871795 0.14423076923076922 0.1282051282051282 0.11298076923076923
1 0.6282051282051282 0.15384615384615385 0.07371794871794872 0.07692307692307693
1 0.4935897435897436 0.07211538461538461 0.07692307692307693 0.08413461538461539