3 0.717948717948718 0.22115384615384615 0.1858974358974359 0.14182692307692307
5 0.532051282051282 0.32211538461538464 0.16025641025641027 0.1346153846153846
4 0.5641025641025641 0.4423076923076923 0.16987179487179488 0.125
4 0.7435897435897436 0.5168269230769231 0.14743589743589744 0.11057692307692307
4 0.5961538461538461 0.5240384615384616 0.13782051282051283 0.09375
3 0.38782051282051283 0.5408653846153846 0.10256410256410256 0.07692307692307693
5 0.3173076923076923 0.5913461538461539 0.08012820512820513 0.057692307692307696
3 0.483974358974359 0.6274038461538461 0.13141025641025642 0.09134615384615384
4 0.36217948717948717 0.6875 0.07371794871794872 0.06009615384615385
5 0.46153846153846156 0.7163461538461539 0.14102564102564102 0.11298076923076923
3 0.3269230769230769 0.7908653846153846 0.057692307692307696 0.057692307692307696
4 0.391025641025641 0.7620192307692307 0.1282051282051282 0.10576923076923077
4 0.5256410256410257 0.7764423076923077 0.12179487179487179 0.09134615384615384
4 0.4423076923076923 0.8581730769230769 0.11858974358974358 0.10096153846153846
4 0.358974358974359 0.875 0.060897435897435896 0.055288461538461536
4 0.3974358974358974 0.9302884615384616 0.057692307692307696 0.04807692307692308
4 0.5448717948717948 0.8798076923076923 0.10897435897435898 0.08653846153846154