3 0.3301282051282051 0.5841346153846154 0.038461538461538464 0.026442307692307692
3 0.38782051282051283 0.5673076923076923 0.03205128205128205 0.021634615384615384
5 0.28205128205128205 0.5673076923076923 0.038461538461538464 0.02403846153846154
4 0.3141025641025641 0.6129807692307693 0.035256410256410256 0.02403846153846154
4 0.266025641025641 0.5913461538461539 0.03205128205128205 0.02403846153846154
4 0.28846153846153844 0.6370192307692307 0.03205128205128205 0.02403846153846154
4 0.2564102564102564 0.6466346153846154 0.01282051282051282 0.009615384615384616
4 0.22756410256410256 0.6177884615384616 0.02564102564102564 0.016826923076923076
4 0.40384615384615385 0.5865384615384616 0.03205128205128205 0.021634615384615384
5 0.47115384615384615 0.5336538461538461 0.03205128205128205 0.021634615384615384
5 0.4551282051282051 0.5264423076923077 0.035256410256410256 0.02403846153846154
4 0.40705128205128205 0.5288461538461539 0.02564102564102564 0.019230769230769232
4 0.4166666666666667 0.5456730769230769 0.019230769230769232 0.016826923076923076
5 0.4391025641025641 0.5504807692307693 0.028846153846153848 0.02403846153846154
4 0.42948717948717946 0.6177884615384616 0.02564102564102564 0.016826923076923076
4 0.4423076923076923 0.6298076923076923 0.00641025641025641 0.004807692307692308
4 0.4551282051282051 0.5552884615384616 0.022435897435897436 0.019230769230769232
4 0.4551282051282051 0.5769230769230769 0.019230769230769232 0.014423076923076924
4 0.46794871794871795 0.59375 0.028846153846153848 0.021634615384615384
4 0.4807692307692308 0.6201923076923077 0.019230769230769232 0.014423076923076924
5 0.5128205128205128 0.5096153846153846 0.022435897435897436 0.014423076923076924
4 0.5064102564102564 0.5576923076923077 0.03205128205128205 0.021634615384615384
4 0.5064102564102564 0.5793269230769231 0.02564102564102564 0.016826923076923076
4 0.46153846153846156 0.13942307692307693 0.022435897435897436 0.016826923076923076
4 0.46474358974358976 0.11778846153846154 0.019230769230769232 0.014423076923076924
4 0.5 0.15144230769230768 0.019230769230769232 0.019230769230769232
4 0.46794871794871795 0.16346153846153846 0.01282051282051282 0.01201923076923077
4 0.5801282051282052 0.08413461538461539 0.02564102564102564 0.03125
4 0.5897435897435898 0.14423076923076922 0.035256410256410256 0.026442307692307692
4 0.6089743589743589 0.10096153846153846 0.035256410256410256 0.026442307692307692
4 0.6698717948717948 0.11538461538461539 0.03205128205128205 0.02403846153846154
4 0.6346153846153846 0.1201923076923077 0.035256410256410256 0.026442307692307692
4 0.592948717948718 0.18269230769230768 0.019230769230769232 0.014423076923076924
4 0.6057692307692307 0.20673076923076922 0.019230769230769232 0.016826923076923076
4 0.6378205128205128 0.20673076923076922 0.01282051282051282 0.009615384615384616
4 0.6474358974358975 0.18990384615384615 0.022435897435897436 0.016826923076923076
4 0.6442307692307693 0.15625 0.03205128205128205 0.02403846153846154
3 0.6730769230769231 0.16105769230769232 0.03205128205128205 0.026442307692307692
4 0.6858974358974359 0.15384615384615385 0.022435897435897436 0.016826923076923076
4 0.6602564102564102 0.18990384615384615 0.01282051282051282 0.014423076923076924
4 0.6794871794871795 0.1778846153846154 0.019230769230769232 0.014423076923076924
4 0.6858974358974359 0.19230769230769232 0.019230769230769232 0.016826923076923076
5 0.7115384615384616 0.18269230769230768 0.028846153846153848 0.021634615384615384
5 0.6602564102564102 0.5024038461538461 0.022435897435897436 0.016826923076923076
4 0.6762820512820513 0.4206730769230769 0.019230769230769232 0.014423076923076924
3 0.8012820512820513 0.27403846153846156 0.022435897435897436 0.014423076923076924
3 0.7692307692307693 0.25721153846153844 0.019230769230769232 0.01201923076923077
5 0.8044871794871795 0.30288461538461536 0.02564102564102564 0.016826923076923076
5 0.7371794871794872 0.24759615384615385 0.019230769230769232 0.014423076923076924
5 0.8461538461538461 0.30288461538461536 0.02564102564102564 0.019230769230769232
4 0.8493589743589743 0.3269230769230769 0.022435897435897436 0.014423076923076924
4 0.8269230769230769 0.3389423076923077 0.016025641025641024 0.014423076923076924
4 0.8108974358974359 0.32211538461538464 0.02564102564102564 0.016826923076923076
4 0.7980769230769231 0.31490384615384615 0.022435897435897436 0.014423076923076924
4 0.7628205128205128 0.30528846153846156 0.022435897435897436 0.016826923076923076
4 0.7275641025641025 0.2668269230769231 0.016025641025641024 0.01201923076923077
5 0.75 0.28365384615384615 0.016025641025641024 0.014423076923076924
4 0.7916666666666666 0.33653846153846156 0.019230769230769232 0.014423076923076924
4 0.7852564102564102 0.35336538461538464 0.016025641025641024 0.01201923076923077
4 0.7628205128205128 0.3245192307692308 0.019230769230769232 0.014423076923076924
4 0.7596153846153846 0.34375 0.019230769230769232 0.01201923076923077
5 0.7339743589743589 0.3870192307692308 0.016025641025641024 0.01201923076923077
5 0.7339743589743589 0.40384615384615385 0.01282051282051282 0.01201923076923077
4 0.7243589743589743 0.4014423076923077 0.016025641025641024 0.009615384615384616
4 0.7147435897435898 0.2764423076923077 0.00641025641025641 0.004807692307692308
3 0.7467948717948718 0.5985576923076923 0.01282051282051282 0.009615384615384616
3 0.7243589743589743 0.5913461538461539 0.01282051282051282 0.009615384615384616