1 0.32371794871794873 0.25240384615384615 0.0641025641025641 0.04326923076923077
1 0.21153846153846154 0.25240384615384615 0.07371794871794872 0.06490384615384616
1 0.15705128205128205 0.2764423076923077 0.07051282051282051 0.052884615384615384
1 0.20512820512820512 0.30288461538461536 0.057692307692307696 0.04326923076923077
2 0.22756410256410256 0.4375 0.057692307692307696 0.040865384615384616
1 0.19230769230769232 0.46875 0.0641025641025641 0.052884615384615384
1 0.27884615384615385 0.47115384615384615 0.07692307692307693 0.052884615384615384
1 0.3076923076923077 0.42788461538461536 0.0641025641025641 0.04567307692307692
2 0.19230769230769232 0.5721153846153846 0.04807692307692308 0.03125
1 0.1987179487179487 0.5985576923076923 0.04807692307692308 0.03125
1 0.5865384615384616 0.5913461538461539 0.07371794871794872 0.05048076923076923
1 0.6057692307692307 0.6298076923076923 0.04807692307692308 0.03125
2 0.5448717948717948 0.6370192307692307 0.08974358974358974 0.07211538461538461
1 0.6089743589743589 0.6826923076923077 0.08653846153846154 0.08413461538461539
2 0.9294871794871795 0.8365384615384616 0.08974358974358974 0.0673076923076923
1 0.9647435897435898 0.8942307692307693 0.0673076923076923 0.055288461538461536
1 0.875 0.2860576923076923 0.12179487179487179 0.09134615384615384
1 0.6858974358974359 0.15625 0.05128205128205128 0.04326923076923077
1 0.6730769230769231 0.21875 0.02564102564102564 0.016826923076923076
1 0.6506410256410257 0.18028846153846154 0.057692307692307696 0.04567307692307692
2 0.009615384615384616 0.4567307692307692 0.019230769230769232 0.02403846153846154