3 0.21794871794871795 0.09375 0.15384615384615385 0.1346153846153846
5 0.14423076923076922 0.14903846153846154 0.038461538461538464 0.040865384615384616
5 0.08974358974358974 0.16346153846153846 0.04487179487179487 0.038461538461538464
5 0.0641025641025641 0.13221153846153846 0.02564102564102564 0.026442307692307692
4 0.0673076923076923 0.19230769230769232 0.035256410256410256 0.038461538461538464
4 0.11217948717948718 0.19471153846153846 0.041666666666666664 0.038461538461538464
5 0.3076923076923077 0.21394230769230768 0.15064102564102563 0.11057692307692307
5 0.20192307692307693 0.2403846153846154 0.11858974358974358 0.11298076923076923
5 0.2948717948717949 0.3293269230769231 0.14743589743589744 0.11538461538461539
5 0.5224358974358975 0.30288461538461536 0.15064102564102563 0.14423076923076922
4 0.34294871794871795 0.3485576923076923 0.09294871794871795 0.10096153846153846
4 0.1794871794871795 0.31009615384615385 0.10897435897435898 0.09375
4 0.15064102564102563 0.3894230769230769 0.10576923076923077 0.09615384615384616
4 0.21794871794871795 0.43990384615384615 0.07371794871794872 0.06971153846153846
4 0.2948717948717949 0.42788461538461536 0.09294871794871795 0.0889423076923077
5 0.47115384615384615 0.42788461538461536 0.13141025641025642 0.12980769230769232
5 0.3685897435897436 0.5048076923076923 0.1346153846153846 0.1201923076923077
5 0.625 0.4230769230769231 0.14423076923076922 0.13221153846153846
4 0.5288461538461539 0.5192307692307693 0.11217948717948718 0.10817307692307693
4 0.44551282051282054 0.53125 0.07371794871794872 0.10096153846153846
4 0.22756410256410256 0.5144230769230769 0.10576923076923077 0.09615384615384616
4 0.28846153846153844 0.5721153846153846 0.05128205128205128 0.10096153846153846
4 0.5961538461538461 0.5649038461538461 0.09935897435897435 0.10096153846153846
4 0.7243589743589743 0.5096153846153846 0.1282051282051282 0.11298076923076923
4 0.7467948717948718 0.6009615384615384 0.125 0.09615384615384616
4 0.6955128205128205 0.6490384615384616 0.08012820512820513 0.06490384615384616
4 0.717948717948718 0.7067307692307693 0.057692307692307696 0.055288461538461536
4 0.7980769230769231 0.6778846153846154 0.08333333333333333 0.06490384615384616
4 0.8076923076923077 0.7043269230769231 0.08974358974358974 0.07932692307692307
4 0.8493589743589743 0.7331730769230769 0.0673076923076923 0.06009615384615385
4 0.7884615384615384 0.75 0.0673076923076923 0.057692307692307696
3 0.6762820512820513 0.9254807692307693 0.028846153846153848 0.021634615384615384
4 0.04807692307692308 0.20673076923076922 0.02564102564102564 0.03125
5 0.5448717948717948 0.19471153846153846 0.05128205128205128 0.036057692307692304
3 0.5352564102564102 0.16105769230769232 0.04807692307692308 0.03125
3 0.5224358974358975 0.12740384615384615 0.038461538461538464 0.040865384615384616