4 0.6506410256410257 0.43028846153846156 0.1282051282051282 0.09134615384615384
4 0.6506410256410257 0.5192307692307693 0.11858974358974358 0.08653846153846154
4 0.6346153846153846 0.6033653846153846 0.11858974358974358 0.08173076923076923
4 0.5993589743589743 0.6610576923076923 0.08974358974358974 0.06009615384615385
4 0.5096153846153846 0.6586538461538461 0.08974358974358974 0.06971153846153846
4 0.5576923076923077 0.6081730769230769 0.0641025641025641 0.0673076923076923
4 0.6057692307692307 0.5384615384615384 0.08333333333333333 0.0673076923076923
5 0.5160256410256411 0.4254807692307692 0.1282051282051282 0.10336538461538461
4 0.46474358974358976 0.375 0.11217948717948718 0.08653846153846154
4 0.46474358974358976 0.4543269230769231 0.08974358974358974 0.0673076923076923
4 0.4775641025641026 0.5264423076923077 0.10897435897435898 0.07451923076923077
4 0.4519230769230769 0.5432692307692307 0.07692307692307693 0.052884615384615384
4 0.4583333333333333 0.6033653846153846 0.08974358974358974 0.06971153846153846