4 0.8846153846153846 0.5697115384615384 0.09935897435897435 0.06971153846153846
4 0.9423076923076923 0.6009615384615384 0.0641025641025641 0.04326923076923077
4 0.8782051282051282 0.7980769230769231 0.035256410256410256 0.019230769230769232
4 0.8044871794871795 0.75 0.09294871794871795 0.06971153846153846
4 0.7307692307692307 0.5600961538461539 0.07051282051282051 0.06490384615384616
4 0.7083333333333334 0.6778846153846154 0.10576923076923077 0.08173076923076923
4 0.6378205128205128 0.5673076923076923 0.14743589743589744 0.10576923076923077
4 0.6891025641025641 0.23798076923076922 0.14423076923076922 0.10817307692307693
4 0.5224358974358975 0.3701923076923077 0.17307692307692307 0.12259615384615384
4 0.47115384615384615 0.23076923076923078 0.13782051282051283 0.0985576923076923
4 0.4519230769230769 0.3245192307692308 0.08333333333333333 0.0673076923076923
4 0.40384615384615385 0.3894230769230769 0.08012820512820513 0.06009615384615385
4 0.2980769230769231 0.4230769230769231 0.12179487179487179 0.10096153846153846
4 0.3076923076923077 0.4855769230769231 0.09935897435897435 0.055288461538461536
4 0.3173076923076923 0.5480769230769231 0.11217948717948718 0.08413461538461539
4 0.5128205128205128 0.7620192307692307 0.08012820512820513 0.0625
4 0.40064102564102566 0.6778846153846154 0.12179487179487179 0.09375
4 0.3525641025641026 0.6394230769230769 0.09615384615384616 0.06490384615384616
3 0.13782051282051283 0.9375 0.08333333333333333 0.06490384615384616
4 0.028846153846153848 0.9447115384615384 0.057692307692307696 0.055288461538461536
3 0.060897435897435896 0.96875 0.07371794871794872 0.052884615384615384