5 0.6089743589743589 0.20192307692307693 0.2532051282051282 0.21153846153846154
5 0.2403846153846154 0.35096153846153844 0.30128205128205127 0.21875
4 0.33974358974358976 0.5432692307692307 0.21794871794871795 0.1658653846153846
4 0.5352564102564102 0.5120192307692307 0.1762820512820513 0.13701923076923078
4 0.46794871794871795 0.6586538461538461 0.18269230769230768 0.13942307692307693
4 0.5480769230769231 0.7620192307692307 0.04807692307692308 0.03365384615384615
4 0.625 0.8461538461538461 0.10256410256410256 0.08413461538461539
4 0.5352564102564102 0.84375 0.09615384615384616 0.08653846153846154
4 0.6442307692307693 0.7860576923076923 0.08653846153846154 0.06971153846153846
3 0.9391025641025641 0.6153846153846154 0.04807692307692308 0.03125
3 0.9583333333333334 0.6274038461538461 0.028846153846153848 0.03365384615384615
3 0.9294871794871795 0.6466346153846154 0.05128205128205128 0.021634615384615384
4 0.4807692307692308 0.7379807692307693 0.041666666666666664 0.02403846153846154