3 0.07692307692307693 0.5120192307692307 0.15384615384615385 0.13701923076923078
3 0.05448717948717949 0.6057692307692307 0.10897435897435898 0.07451923076923077
3 0.5224358974358975 0.11778846153846154 0.16025641025641027 0.11538461538461539
3 0.44551282051282054 0.18028846153846154 0.13782051282051283 0.10817307692307693
3 0.44871794871794873 0.2692307692307692 0.1346153846153846 0.0673076923076923
4 0.15064102564102563 0.7043269230769231 0.125 0.10096153846153846
4 0.44551282051282054 0.3173076923076923 0.14102564102564102 0.10336538461538461
4 0.3173076923076923 0.65625 0.1346153846153846 0.10336538461538461
4 0.22756410256410256 0.8197115384615384 0.14743589743589744 0.10576923076923077
4 0.3685897435897436 0.7956730769230769 0.14102564102564102 0.11057692307692307
4 0.41346153846153844 0.6875 0.15384615384615385 0.11057692307692307
4 0.38782051282051283 0.5625 0.125 0.10817307692307693
4 0.4423076923076923 0.4014423076923077 0.125 0.08653846153846154
4 0.40384615384615385 0.47596153846153844 0.14102564102564102 0.09134615384615384
5 0.5608974358974359 0.38221153846153844 0.12179487179487179 0.0985576923076923
4 0.5769230769230769 0.4855769230769231 0.14423076923076922 0.09615384615384616
4 0.5961538461538461 0.5793269230769231 0.16346153846153846 0.1201923076923077
4 0.5224358974358975 0.7235576923076923 0.16025641025641027 0.1201923076923077
4 0.5705128205128205 0.17548076923076922 0.0641025641025641 0.038461538461538464
4 0.5737179487179487 0.19471153846153846 0.07051282051282051 0.03365384615384615
4 0.625 0.15384615384615385 0.060897435897435896 0.06971153846153846
4 0.6858974358974359 0.10576923076923077 0.08333333333333333 0.08413461538461539
4 0.6730769230769231 0.027644230769230768 0.08974358974358974 0.055288461538461536
4 0.8653846153846154 0.1201923076923077 0.07371794871794872 0.06490384615384616
4 0.8076923076923077 0.16826923076923078 0.08333333333333333 0.07451923076923077
4 0.8044871794871795 0.20673076923076922 0.07371794871794872 0.036057692307692304
3 0.6089743589743589 0.8605769230769231 0.0673076923076923 0.052884615384615384
3 0.625 0.8389423076923077 0.07692307692307693 0.04807692307692308
3 0.6538461538461539 0.7884615384615384 0.0673076923076923 0.055288461538461536
3 0.7788461538461539 0.5889423076923077 0.041666666666666664 0.04807692307692308
3 0.7051282051282052 0.5673076923076923 0.05448717948717949 0.04326923076923077
5 0.657051282051282 0.8966346153846154 0.07692307692307693 0.0625
5 0.6378205128205128 0.9519230769230769 0.08333333333333333 0.0625
5 0.5352564102564102 0.8557692307692307 0.0641025641025641 0.052884615384615384
4 0.5641025641025641 0.9110576923076923 0.07051282051282051 0.057692307692307696
4 0.5737179487179487 0.9783653846153846 0.09294871794871795 0.038461538461538464
4 0.4935897435897436 0.9471153846153846 0.057692307692307696 0.05048076923076923
4 0.23717948717948717 0.7475961538461539 0.10576923076923077 0.05048076923076923