5 0.5833333333333334 0.3389423076923077 0.1987179487179487 0.14903846153846154
5 0.11858974358974358 0.40384615384615385 0.23717948717948717 0.16105769230769232
4 0.4583333333333333 0.625 0.17307692307692307 0.14423076923076922
4 0.14423076923076922 0.8100961538461539 0.1794871794871795 0.15384615384615385
4 0.1282051282051282 0.9278846153846154 0.13141025641025642 0.10096153846153846
4 0.0641025641025641 0.8581730769230769 0.07692307692307693 0.09375
4 0.28846153846153844 0.8317307692307693 0.1346153846153846 0.10576923076923077
4 0.27564102564102566 0.9326923076923077 0.1282051282051282 0.10817307692307693
4 0.42628205128205127 0.8557692307692307 0.14743589743589744 0.13221153846153846
4 0.5673076923076923 0.8269230769230769 0.13782051282051283 0.10817307692307693
4 0.5961538461538461 0.8870192307692307 0.10576923076923077 0.07451923076923077
4 0.5224358974358975 0.9326923076923077 0.10256410256410256 0.09134615384615384
4 0.4391025641025641 0.9543269230769231 0.11858974358974358 0.08653846153846154