1 0.060897435897435896 0.36778846153846156 0.08974358974358974 0.06009615384615385
1 0.10576923076923077 0.44471153846153844 0.12179487179487179 0.11778846153846154
1 0.0641025641025641 0.46875 0.1282051282051282 0.09615384615384616
2 0.10256410256410256 0.5360576923076923 0.05448717948717949 0.040865384615384616
1 0.060897435897435896 0.5625 0.060897435897435896 0.038461538461538464
1 0.5705128205128205 0.5144230769230769 0.22115384615384615 0.15384615384615385
1 0.5448717948717948 0.6490384615384616 0.375 0.2860576923076923
2 0.28525641025641024 0.6658653846153846 0.0641025641025641 0.04567307692307692
0 0.3269230769230769 0.6370192307692307 0.060897435897435896 0.05048076923076923
0 0.34294871794871795 0.8966346153846154 0.16346153846153846 0.14903846153846154
2 0.5192307692307693 0.8701923076923077 0.19230769230769232 0.15384615384615385
1 0.34935897435897434 0.96875 0.11538461538461539 0.06009615384615385
1 0.46474358974358976 0.9591346153846154 0.14743589743589744 0.07692307692307693