4 0.9134615384615384 0.19951923076923078 0.16666666666666666 0.14423076923076922
4 0.6955128205128205 0.23317307692307693 0.16987179487179488 0.13701923076923078
3 0.5160256410256411 0.23076923076923078 0.1762820512820513 0.13221153846153846
3 0.5352564102564102 0.35096153846153844 0.16346153846153846 0.11538461538461539
3 0.3301282051282051 0.39903846153846156 0.17307692307692307 0.14423076923076922
4 0.657051282051282 0.43028846153846156 0.13141025641025642 0.10096153846153846
4 0.7564102564102564 0.34615384615384615 0.11858974358974358 0.11057692307692307
5 0.3814102564102564 0.5745192307692307 0.16025641025641027 0.12740384615384615
4 0.625 0.5865384615384616 0.12179487179487179 0.0889423076923077
4 0.358974358974359 0.6418269230769231 0.125 0.08173076923076923
4 0.48717948717948717 0.65625 0.08974358974358974 0.0673076923076923
4 0.42628205128205127 0.6947115384615384 0.10897435897435898 0.0889423076923077
4 0.4583333333333333 0.7451923076923077 0.08333333333333333 0.0625
4 0.48717948717948717 0.7836538461538461 0.07371794871794872 0.052884615384615384
3 0.8621794871794872 0.7788461538461539 0.060897435897435896 0.04567307692307692
3 0.9006410256410257 0.7932692307692307 0.05128205128205128 0.038461538461538464
5 0.8301282051282052 0.8076923076923077 0.05448717948717949 0.036057692307692304
5 0.8461538461538461 0.8293269230769231 0.057692307692307696 0.04807692307692308