5 0.7083333333333334 0.2283653846153846 0.23397435897435898 0.18028846153846154
4 0.44551282051282054 0.2764423076923077 0.1891025641025641 0.14903846153846154
4 0.38782051282051283 0.40865384615384615 0.16346153846153846 0.125
4 0.5352564102564102 0.4567307692307692 0.19230769230769232 0.14423076923076922
4 0.6538461538461539 0.5144230769230769 0.15384615384615385 0.11538461538461539
4 0.4775641025641026 0.5961538461538461 0.14743589743589744 0.11298076923076923
4 0.40064102564102566 0.5697115384615384 0.10576923076923077 0.09134615384615384
4 0.375 0.6225961538461539 0.08012820512820513 0.05048076923076923
4 0.5737179487179487 0.6009615384615384 0.09935897435897435 0.10096153846153846
4 0.5192307692307693 0.7067307692307693 0.11538461538461539 0.09134615384615384
4 0.42948717948717946 0.7067307692307693 0.08974358974358974 0.06971153846153846
4 0.44871794871794873 0.7572115384615384 0.07371794871794872 0.052884615384615384
4 0.4967948717948718 0.7764423076923077 0.08974358974358974 0.0673076923076923
3 0.8044871794871795 0.9615384615384616 0.07051282051282051 0.06009615384615385
3 0.8461538461538461 0.9663461538461539 0.04487179487179487 0.052884615384615384
4 0.7532051282051282 0.9711538461538461 0.05128205128205128 0.04567307692307692