5 0.42948717948717946 0.28846153846153844 0.22115384615384615 0.15625
5 0.7628205128205128 0.3004807692307692 0.17307692307692307 0.14182692307692307
5 0.6217948717948718 0.39903846153846156 0.15705128205128205 0.1201923076923077
4 0.7980769230769231 0.43990384615384615 0.15384615384615385 0.10817307692307693
4 0.5288461538461539 0.4567307692307692 0.17307692307692307 0.1201923076923077
4 0.6025641025641025 0.5216346153846154 0.14102564102564102 0.0985576923076923
4 0.5224358974358975 0.5721153846153846 0.13782051282051283 0.11298076923076923
4 0.8237179487179487 0.5336538461538461 0.13782051282051283 0.09375
4 0.3076923076923077 0.4543269230769231 0.15705128205128205 0.11298076923076923
4 0.24358974358974358 0.5865384615384616 0.14423076923076922 0.10817307692307693
4 0.14743589743589744 0.6802884615384616 0.09935897435897435 0.07211538461538461
4 0.34615384615384615 0.7139423076923077 0.1346153846153846 0.10336538461538461
4 0.28205128205128205 0.7620192307692307 0.10576923076923077 0.08173076923076923
4 0.8589743589743589 0.6274038461538461 0.10576923076923077 0.07692307692307693
4 0.7211538461538461 0.6730769230769231 0.10576923076923077 0.0889423076923077
4 0.7756410256410257 0.7427884615384616 0.09294871794871795 0.07932692307692307
4 0.8493589743589743 0.7115384615384616 0.0641025641025641 0.052884615384615384
3 0.1891025641025641 0.28846153846153844 0.0673076923076923 0.0625
3 0.2467948717948718 0.30288461538461536 0.057692307692307696 0.057692307692307696
4 0.1891025641025641 0.34615384615384615 0.05448717948717949 0.04807692307692308