4 0.5769230769230769 0.026442307692307692 0.1762820512820513 0.052884615384615384
3 0.25961538461538464 0.11298076923076923 0.08974358974358974 0.06971153846153846
5 0.22756410256410256 0.15384615384615385 0.09615384615384616 0.08653846153846154
5 0.25961538461538464 0.22355769230769232 0.08333333333333333 0.06490384615384616
4 0.6282051282051282 0.15865384615384615 0.14743589743589744 0.11057692307692307
4 0.6794871794871795 0.23076923076923078 0.1891025641025641 0.15144230769230768
4 0.21794871794871795 0.27403846153846156 0.09294871794871795 0.07211538461538461
4 0.2532051282051282 0.31490384615384615 0.08012820512820513 0.057692307692307696
4 0.7628205128205128 0.3293269230769231 0.13141025641025642 0.10336538461538461
4 0.20833333333333334 0.35096153846153844 0.08653846153846154 0.0625
4 0.2564102564102564 0.3894230769230769 0.08012820512820513 0.055288461538461536
4 0.7435897435897436 0.4254807692307692 0.17307692307692307 0.1201923076923077
4 0.23397435897435898 0.43028846153846156 0.07371794871794872 0.055288461538461536
4 0.27564102564102566 0.44711538461538464 0.060897435897435896 0.04567307692307692
4 0.8910256410256411 0.5072115384615384 0.03205128205128205 0.021634615384615384
4 0.27564102564102566 0.4855769230769231 0.05448717948717949 0.038461538461538464
4 0.7660256410256411 0.5 0.12179487179487179 0.06971153846153846
4 0.7628205128205128 0.5673076923076923 0.09935897435897435 0.0673076923076923
4 0.6858974358974359 0.6538461538461539 0.11538461538461539 0.09615384615384616
4 0.6634615384615384 0.6826923076923077 0.11217948717948718 0.07932692307692307
3 0.7852564102564102 0.6730769230769231 0.08012820512820513 0.0625
4 0.9006410256410257 0.6875 0.057692307692307696 0.04326923076923077
4 0.8397435897435898 0.7067307692307693 0.057692307692307696 0.04326923076923077
4 0.7852564102564102 0.7091346153846154 0.05448717948717949 0.03125
4 0.9455128205128205 0.6923076923076923 0.038461538461538464 0.03365384615384615
4 0.6987179487179487 0.7572115384615384 0.0641025641025641 0.04807692307692308
5 0.8301282051282052 0.7668269230769231 0.0673076923076923 0.05048076923076923
5 0.8525641025641025 0.7956730769230769 0.0673076923076923 0.04807692307692308
5 0.7948717948717948 0.8269230769230769 0.035256410256410256 0.04326923076923077
4 0.6762820512820513 0.8365384615384616 0.060897435897435896 0.04567307692307692
5 0.9006410256410257 0.8894230769230769 0.04807692307692308 0.05048076923076923
3 0.7692307692307693 0.9206730769230769 0.08333333333333333 0.06971153846153846
4 0.6698717948717948 0.8846153846153846 0.05128205128205128 0.038461538461538464
4 0.6923076923076923 0.9086538461538461 0.0641025641025641 0.055288461538461536
4 0.8237179487179487 0.9230769230769231 0.041666666666666664 0.055288461538461536
5 0.7147435897435898 0.9639423076923077 0.07371794871794872 0.0625
5 0.9775641025641025 0.8870192307692307 0.038461538461538464 0.055288461538461536
4 0.9711538461538461 0.9134615384615384 0.05448717948717949 0.052884615384615384
4 0.9358974358974359 0.9254807692307693 0.03205128205128205 0.036057692307692304
5 0.05448717948717949 0.9855769230769231 0.07051282051282051 0.026442307692307692
5 0.14743589743589744 0.9591346153846154 0.07371794871794872 0.057692307692307696
4 0.6762820512820513 0.6177884615384616 0.09935897435897435 0.04807692307692308
4 0.8301282051282052 0.6370192307692307 0.035256410256410256 0.028846153846153848
3 0.28525641025641024 0.6009615384615384 0.03205128205128205 0.016826923076923076
5 0.2980769230769231 0.5576923076923077 0.028846153846153848 0.014423076923076924
5 0.23397435897435898 0.5649038461538461 0.02564102564102564 0.016826923076923076
5 0.2564102564102564 0.5625 0.02564102564102564 0.014423076923076924