4 0.9294871794871795 0.25961538461538464 0.13782051282051283 0.10817307692307693
4 0.6762820512820513 0.21394230769230768 0.16666666666666666 0.13942307692307693
4 0.6762820512820513 0.4326923076923077 0.16666666666666666 0.13942307692307693
4 0.47435897435897434 0.2980769230769231 0.16346153846153846 0.14903846153846154
5 0.40064102564102566 0.5240384615384616 0.15384615384615385 0.1346153846153846
3 0.28525641025641024 0.47596153846153844 0.10897435897435898 0.11778846153846154
5 0.21474358974358973 0.44471153846153844 0.08974358974358974 0.07932692307692307
5 0.3685897435897436 0.40625 0.1794871794871795 0.15144230769230768
5 0.13782051282051283 0.6033653846153846 0.14102564102564102 0.10576923076923077
4 0.11538461538461539 0.5432692307692307 0.08974358974358974 0.06009615384615385
4 0.32371794871794873 0.5913461538461539 0.12179487179487179 0.09615384615384616
4 0.1955128205128205 0.6370192307692307 0.11538461538461539 0.0889423076923077
4 0.38461538461538464 0.6754807692307693 0.10897435897435898 0.09375
4 0.27884615384615385 0.7043269230769231 0.10256410256410256 0.09134615384615384
4 0.38782051282051283 0.7788461538461539 0.10256410256410256 0.09375