1 0.6121794871794872 0.7211538461538461 0.04807692307692308 0.036057692307692304
1 0.5128205128205128 0.7548076923076923 0.2403846153846154 0.21634615384615385
1 0.38782051282051283 0.8461538461538461 0.041666666666666664 0.026442307692307692
1 0.48717948717948717 0.6538461538461539 0.14743589743589744 0.07451923076923077
1 0.41025641025641024 0.37740384615384615 0.10256410256410256 0.07932692307692307
1 0.028846153846153848 0.25961538461538464 0.04807692307692308 0.019230769230769232
1 0.47115384615384615 0.30528846153846156 0.057692307692307696 0.038461538461538464
1 0.41025641025641024 0.2932692307692308 0.0673076923076923 0.040865384615384616
1 0.36538461538461536 0.21394230769230768 0.12179487179487179 0.10576923076923077
1 0.5160256410256411 0.24519230769230768 0.15064102564102563 0.10576923076923077
1 0.6314102564102564 0.2692307692307692 0.125 0.09134615384615384
1 0.6698717948717948 0.18509615384615385 0.11538461538461539 0.09375
1 0.7307692307692307 0.23076923076923078 0.09294871794871795 0.06971153846153846