1 0.13141025641025642 0.3557692307692308 0.09615384615384616 0.07451923076923077
1 0.10897435897435898 0.39663461538461536 0.07692307692307693 0.06009615384615385
2 0.22435897435897437 0.5144230769230769 0.08653846153846154 0.057692307692307696
1 0.21153846153846154 0.5552884615384616 0.08012820512820513 0.06009615384615385
2 0.49038461538461536 0.6153846153846154 0.34935897435897434 0.27884615384615385
1 0.6955128205128205 0.6971153846153846 0.11538461538461539 0.13221153846153846
2 0.5737179487179487 0.8004807692307693 0.2948717948717949 0.18990384615384615
1 0.060897435897435896 0.06971153846153846 0.09935897435897435 0.07451923076923077
2 0.7564102564102564 0.4879807692307692 0.07692307692307693 0.057692307692307696
1 0.8108974358974359 0.11538461538461539 0.05128205128205128 0.055288461538461536
2 0.8108974358974359 0.4879807692307692 0.05128205128205128 0.05048076923076923