4 0.6089743589743589 0.4543269230769231 0.21153846153846154 0.13701923076923078
4 0.36217948717948717 0.375 0.15705128205128205 0.11778846153846154
4 0.3782051282051282 0.5264423076923077 0.1858974358974359 0.12259615384615384
4 0.28846153846153844 0.6298076923076923 0.15064102564102563 0.10576923076923077
4 0.01282051282051282 0.5024038461538461 0.02564102564102564 0.04807692307692308
4 0.011217948717948718 0.5444711538461539 0.022435897435897436 0.04567307692307692
4 0.02403846153846154 0.5661057692307693 0.04807692307692308 0.04567307692307692
4 0.016025641025641024 0.5985576923076923 0.03205128205128205 0.036057692307692304
4 0.6410256410256411 0.5865384615384616 0.1987179487179487 0.1466346153846154
4 0.5608974358974359 0.7091346153846154 0.16987179487179488 0.13942307692307693
4 0.3782051282051282 0.7283653846153846 0.15705128205128205 0.11538461538461539
4 0.483974358974359 0.7956730769230769 0.16346153846153846 0.11778846153846154