3 0.1987179487179487 0.6875 0.2403846153846154 0.18028846153846154
3 0.3333333333333333 0.7427884615384616 0.1891025641025641 0.10576923076923077
3 0.3173076923076923 0.8701923076923077 0.2467948717948718 0.2091346153846154
4 0.4358974358974359 0.8677884615384616 0.07051282051282051 0.12980769230769232
4 0.532051282051282 0.6754807692307693 0.057692307692307696 0.04567307692307692
4 0.4583333333333333 0.6418269230769231 0.08974358974358974 0.0625
4 0.4519230769230769 0.5769230769230769 0.10576923076923077 0.07692307692307693
4 0.5416666666666666 0.5841346153846154 0.08012820512820513 0.0625
5 0.5544871794871795 0.5168269230769231 0.09935897435897435 0.07692307692307693
3 0.44871794871794873 0.5024038461538461 0.125 0.07932692307692307
3 0.4326923076923077 0.40384615384615385 0.1794871794871795 0.1346153846153846
3 0.5993589743589743 0.4254807692307692 0.13141025641025642 0.10096153846153846
3 0.46794871794871795 0.22596153846153846 0.14423076923076922 0.11538461538461539
3 0.3814102564102564 0.2548076923076923 0.09294871794871795 0.07451923076923077
3 0.6826923076923077 0.25961538461538464 0.15384615384615385 0.11538461538461539