3 0.6987179487179487 0.2668269230769231 0.13141025641025642 0.11298076923076923
3 0.6089743589743589 0.23557692307692307 0.12179487179487179 0.09615384615384616
3 0.6153846153846154 0.3269230769230769 0.10897435897435898 0.09375
5 0.7467948717948718 0.3485576923076923 0.125 0.0985576923076923
3 0.5897435897435898 0.37259615384615385 0.11538461538461539 0.10336538461538461
4 0.75 0.44711538461538464 0.11858974358974358 0.09375
4 0.6089743589743589 0.47596153846153844 0.10576923076923077 0.08413461538461539
4 0.7339743589743589 0.5336538461538461 0.09935897435897435 0.07932692307692307
3 0.33653846153846156 0.3918269230769231 0.09935897435897435 0.07692307692307693
3 0.1891025641025641 0.40384615384615385 0.12179487179487179 0.09615384615384616
5 0.3717948717948718 0.45913461538461536 0.09294871794871795 0.0673076923076923
5 0.26282051282051283 0.46634615384615385 0.09935897435897435 0.07932692307692307
5 0.34615384615384615 0.5072115384615384 0.09935897435897435 0.08173076923076923
3 0.041666666666666664 0.375 0.03205128205128205 0.019230769230769232
3 0.05448717948717949 0.3918269230769231 0.028846153846153848 0.019230769230769232
3 0.8942307692307693 0.3173076923076923 0.038461538461538464 0.028846153846153848
3 0.8846153846153846 0.2980769230769231 0.03205128205128205 0.021634615384615384
5 0.8365384615384616 0.3317307692307692 0.028846153846153848 0.026442307692307692
4 0.8333333333333334 0.35336538461538464 0.03205128205128205 0.02403846153846154
5 0.8942307692307693 0.3389423076923077 0.035256410256410256 0.02403846153846154
3 0.6282051282051282 0.8100961538461539 0.0673076923076923 0.0625
3 0.5673076923076923 0.8100961538461539 0.05128205128205128 0.03125
4 0.5865384615384616 0.7932692307692307 0.041666666666666664 0.03125
3 0.6634615384615384 0.9182692307692307 0.08333333333333333 0.0673076923076923
3 0.657051282051282 0.9495192307692307 0.07371794871794872 0.057692307692307696
3 0.7147435897435898 0.9855769230769231 0.08653846153846154 0.02403846153846154
4 0.3141025641025641 0.2403846153846154 0.028846153846153848 0.021634615384615384
4 0.3301282051282051 0.25240384615384615 0.02564102564102564 0.019230769230769232
4 0.34615384615384615 0.2668269230769231 0.022435897435897436 0.016826923076923076
4 0.2980769230769231 0.2548076923076923 0.022435897435897436 0.014423076923076924