3 0.5352564102564102 0.1778846153846154 0.1955128205128205 0.16105769230769232
3 0.5801282051282052 0.3293269230769231 0.2403846153846154 0.18269230769230768
4 0.3814102564102564 0.6177884615384616 0.16987179487179488 0.13221153846153846
4 0.2467948717948718 0.625 0.11217948717948718 0.0889423076923077
4 0.40064102564102566 0.7115384615384616 0.12179487179487179 0.0889423076923077
4 0.3557692307692308 0.7475961538461539 0.09294871794871795 0.06490384615384616
4 0.34294871794871795 0.8173076923076923 0.08012820512820513 0.0625
3 0.532051282051282 0.6875 0.08012820512820513 0.06009615384615385
5 0.4807692307692308 0.7355769230769231 0.060897435897435896 0.04567307692307692
4 0.5288461538461539 0.7692307692307693 0.060897435897435896 0.05048076923076923
4 0.4807692307692308 0.8317307692307693 0.057692307692307696 0.04807692307692308
4 0.5288461538461539 0.8413461538461539 0.05128205128205128 0.04567307692307692
4 0.532051282051282 0.8028846153846154 0.038461538461538464 0.026442307692307692
4 0.9134615384615384 0.7644230769230769 0.07371794871794872 0.057692307692307696
4 0.8846153846153846 0.7427884615384616 0.05448717948717949 0.04567307692307692
4 0.75 0.7283653846153846 0.057692307692307696 0.04567307692307692
5 0.8397435897435898 0.65625 0.10576923076923077 0.07451923076923077
3 0.7692307692307693 0.5480769230769231 0.09615384615384616 0.07451923076923077
4 0.7371794871794872 0.6490384615384616 0.07371794871794872 0.055288461538461536
5 0.7211538461538461 0.59375 0.08653846153846154 0.057692307692307696
4 0.8397435897435898 0.6153846153846154 0.08012820512820513 0.03365384615384615