0 0.1955128205128205 0.8725961538461539 0.1794871794871795 0.13942307692307693
1 0.375 0.35096153846153844 0.21153846153846154 0.14423076923076922
1 0.07692307692307693 0.2644230769230769 0.041666666666666664 0.03125
1 0.028846153846153848 0.2620192307692308 0.05448717948717949 0.036057692307692304
1 0.05448717948717949 0.35096153846153844 0.05448717948717949 0.04326923076923077
2 0.019230769230769232 0.3894230769230769 0.035256410256410256 0.036057692307692304
2 0.060897435897435896 0.3798076923076923 0.035256410256410256 0.021634615384615384
1 0.28525641025641024 0.4735576923076923 0.21474358974358973 0.1658653846153846
0 0.5288461538461539 0.5 0.04807692307692308 0.03365384615384615
1 0.15064102564102563 0.44471153846153844 0.07692307692307693 0.0673076923076923
2 0.09615384615384616 0.43028846153846156 0.05128205128205128 0.038461538461538464
0 0.07051282051282051 0.4495192307692308 0.057692307692307696 0.038461538461538464
2 0.10256410256410256 0.5024038461538461 0.04807692307692308 0.036057692307692304
1 0.060897435897435896 0.40384615384615385 0.019230769230769232 0.016826923076923076
1 0.00641025641025641 0.28846153846153844 0.01282051282051282 0.040865384615384616
1 0.060897435897435896 0.5649038461538461 0.060897435897435896 0.026442307692307692
1 0.05448717948717949 0.5961538461538461 0.08333333333333333 0.057692307692307696
1 0.15064102564102563 0.6177884615384616 0.04807692307692308 0.04326923076923077
1 0.16987179487179488 0.6730769230769231 0.04807692307692308 0.036057692307692304
1 0.26282051282051283 0.5769230769230769 0.07371794871794872 0.04567307692307692
1 0.2564102564102564 0.6153846153846154 0.07371794871794872 0.05048076923076923
0 0.8333333333333334 0.6370192307692307 0.07051282051282051 0.05048076923076923
1 0.8141025641025641 0.6754807692307693 0.07371794871794872 0.04807692307692308
1 0.8942307692307693 0.6706730769230769 0.07692307692307693 0.04807692307692308