3 0.5160256410256411 0.5528846153846154 0.16987179487179488 0.12259615384615384
3 0.5128205128205128 0.35336538461538464 0.10897435897435898 0.07932692307692307
5 0.4551282051282051 0.5745192307692307 0.10576923076923077 0.09375
4 0.36538461538461536 0.3173076923076923 0.12179487179487179 0.0985576923076923
4 0.5064102564102564 0.4326923076923077 0.11217948717948718 0.07692307692307693
4 0.34294871794871795 0.4206730769230769 0.10576923076923077 0.07451923076923077
4 0.40384615384615385 0.47115384615384615 0.08974358974358974 0.06971153846153846
4 0.38782051282051283 0.5528846153846154 0.09294871794871795 0.07451923076923077
4 0.44871794871794873 0.6322115384615384 0.09615384615384616 0.0625
4 0.5032051282051282 0.6899038461538461 0.15384615384615385 0.125
4 0.5224358974358975 0.7884615384615384 0.125 0.0889423076923077
4 0.6314102564102564 0.6201923076923077 0.10897435897435898 0.07932692307692307
4 0.6442307692307693 0.6899038461538461 0.09294871794871795 0.06971153846153846
4 0.7339743589743589 0.6923076923076923 0.09935897435897435 0.07451923076923077
4 0.7243589743589743 0.49759615384615385 0.10576923076923077 0.07932692307692307
4 0.8205128205128205 0.43990384615384615 0.1762820512820513 0.12740384615384615