2 0.20833333333333334 0.1875 0.11217948717948718 0.09134615384615384
1 0.34615384615384615 0.19951923076923078 0.13782051282051283 0.13221153846153846
1 0.28846153846153844 0.23076923076923078 0.09294871794871795 0.09134615384615384
2 0.20192307692307693 0.3894230769230769 0.0673076923076923 0.05048076923076923
0 0.16025641025641027 0.3798076923076923 0.057692307692307696 0.04326923076923077
1 0.11217948717948718 0.28125 0.041666666666666664 0.036057692307692304
1 0.08974358974358974 0.2932692307692308 0.035256410256410256 0.028846153846153848
1 0.041666666666666664 0.22115384615384615 0.038461538461538464 0.028846153846153848
1 0.07371794871794872 0.2403846153846154 0.03205128205128205 0.021634615384615384
2 0.009615384615384616 0.20432692307692307 0.019230769230769232 0.021634615384615384
0 0.6314102564102564 0.6298076923076923 0.22435897435897437 0.16346153846153846
2 0.3814102564102564 0.7740384615384616 0.041666666666666664 0.03365384615384615
1 0.04807692307692308 0.17067307692307693 0.02564102564102564 0.019230769230769232
1 0.09935897435897435 0.2283653846153846 0.02564102564102564 0.019230769230769232