4 0.26282051282051283 0.8076923076923077 0.09935897435897435 0.07692307692307693
4 0.1794871794871795 0.7764423076923077 0.08974358974358974 0.0673076923076923
4 0.2948717948717949 0.7019230769230769 0.11858974358974358 0.09375
4 0.20512820512820512 0.6971153846153846 0.09935897435897435 0.07451923076923077
4 0.358974358974359 0.6177884615384616 0.12179487179487179 0.0985576923076923
4 0.2403846153846154 0.5985576923076923 0.11217948717948718 0.07692307692307693
4 0.27884615384615385 0.5096153846153846 0.12179487179487179 0.07932692307692307
5 0.25961538461538464 0.41586538461538464 0.125 0.09615384615384616
5 0.41025641025641024 0.43509615384615385 0.11217948717948718 0.09134615384615384
5 0.4935897435897436 0.49038461538461536 0.10897435897435898 0.08653846153846154
5 0.5064102564102564 0.2956730769230769 0.12179487179487179 0.10336538461538461
5 0.5801282051282052 0.36778846153846156 0.11858974358974358 0.09134615384615384
4 0.5673076923076923 0.5600961538461539 0.10256410256410256 0.08413461538461539
4 0.6602564102564102 0.4495192307692308 0.11217948717948718 0.07932692307692307
4 0.6538461538461539 0.6057692307692307 0.09935897435897435 0.08173076923076923
4 0.7115384615384616 0.5144230769230769 0.10576923076923077 0.07692307692307693
4 0.7532051282051282 0.5913461538461539 0.09294871794871795 0.07692307692307693