3 0.717948717948718 0.35096153846153844 0.19230769230769232 0.1201923076923077
3 0.5288461538461539 0.49759615384615385 0.14102564102564102 0.12740384615384615
3 0.6634615384615384 0.4735576923076923 0.13141025641025642 0.11778846153846154
5 0.4807692307692308 0.5841346153846154 0.0673076923076923 0.06971153846153846
5 0.5480769230769231 0.6033653846153846 0.12179487179487179 0.10576923076923077
5 0.6506410256410257 0.625 0.12179487179487179 0.11778846153846154
4 0.7371794871794872 0.5817307692307693 0.15384615384615385 0.125
4 0.5064102564102564 0.6490384615384616 0.060897435897435896 0.057692307692307696
4 0.5641025641025641 0.6971153846153846 0.10256410256410256 0.0985576923076923
4 0.5224358974358975 0.7115384615384616 0.0641025641025641 0.09134615384615384
4 0.6410256410256411 0.7235576923076923 0.11217948717948718 0.0985576923076923
4 0.7051282051282052 0.7572115384615384 0.0641025641025641 0.06490384615384616
4 0.7692307692307693 0.6995192307692307 0.14423076923076922 0.11057692307692307
4 0.8076923076923077 0.7211538461538461 0.11217948717948718 0.10096153846153846
4 0.7467948717948718 0.8125 0.05448717948717949 0.0673076923076923
4 0.7147435897435898 0.8870192307692307 0.10576923076923077 0.10096153846153846
4 0.8685897435897436 0.8365384615384616 0.125 0.0985576923076923
4 0.8910256410256411 0.9158653846153846 0.11538461538461539 0.11057692307692307
3 0.5512820512820513 0.9447115384615384 0.05128205128205128 0.040865384615384616
3 0.48717948717948717 0.9423076923076923 0.04807692307692308 0.04326923076923077
3 0.3974358974358974 0.8966346153846154 0.041666666666666664 0.040865384615384616
3 0.3974358974358974 0.9375 0.038461538461538464 0.04807692307692308
4 0.02564102564102564 0.4206730769230769 0.035256410256410256 0.03125
3 0.391025641025641 0.4639423076923077 0.041666666666666664 0.036057692307692304
5 0.391025641025641 0.49278846153846156 0.035256410256410256 0.028846153846153848
5 0.42948717948717946 0.4951923076923077 0.03205128205128205 0.03125
4 0.038461538461538464 0.47115384615384615 0.028846153846153848 0.028846153846153848
4 0.3782051282051282 0.5144230769230769 0.035256410256410256 0.028846153846153848