1 0.6057692307692307 0.021634615384615384 0.0673076923076923 0.04326923076923077
1 0.5160256410256411 0.08653846153846154 0.1891025641025641 0.17067307692307693
1 0.5576923076923077 0.18509615384615385 0.15384615384615385 0.14423076923076922
1 0.47435897435897434 0.24519230769230768 0.1346153846153846 0.11057692307692307
1 0.060897435897435896 0.3269230769230769 0.09294871794871795 0.0673076923076923
1 0.10897435897435898 0.34615384615384615 0.09615384615384616 0.07211538461538461
1 0.03205128205128205 0.43990384615384615 0.0641025641025641 0.055288461538461536
1 0.011217948717948718 0.47716346153846156 0.022435897435897436 0.03125
1 0.16346153846153846 0.03125 0.08333333333333333 0.0625
1 0.4198717948717949 0.40384615384615385 0.04807692307692308 0.040865384615384616
1 0.40705128205128205 0.4326923076923077 0.041666666666666664 0.026442307692307692
2 0.1762820512820513 0.4855769230769231 0.08974358974358974 0.06009615384615385
1 0.22435897435897437 0.49759615384615385 0.0673076923076923 0.05048076923076923
1 0.6891025641025641 0.5144230769230769 0.15384615384615385 0.10096153846153846
1 0.5416666666666666 0.5336538461538461 0.16346153846153846 0.11778846153846154
1 0.6442307692307693 0.625 0.16025641025641027 0.11298076923076923
1 0.5673076923076923 0.8365384615384616 0.16987179487179488 0.1466346153846154
1 0.4423076923076923 0.8052884615384616 0.1346153846153846 0.11298076923076923
1 0.47115384615384615 0.9134615384615384 0.14102564102564102 0.11538461538461539
0 0.34935897435897434 0.9182692307692307 0.08333333333333333 0.06971153846153846
1 0.009615384615384616 0.7043269230769231 0.019230769230769232 0.03125
2 0.6794871794871795 0.43028846153846156 0.07692307692307693 0.052884615384615384