1 0.7339743589743589 0.25961538461538464 0.15384615384615385 0.11298076923076923
1 0.7660256410256411 0.3245192307692308 0.14102564102564102 0.08173076923076923
1 0.44551282051282054 0.2956730769230769 0.1794871794871795 0.13701923076923078
1 0.33974358974358976 0.35096153846153844 0.14423076923076922 0.10576923076923077
1 0.42628205128205127 0.4014423076923077 0.11217948717948718 0.07932692307692307
2 0.3557692307692308 0.5817307692307693 0.09935897435897435 0.06971153846153846
1 0.3141025641025641 0.6490384615384616 0.11858974358974358 0.09375
1 0.42628205128205127 0.6346153846153846 0.09294871794871795 0.07692307692307693
1 0.5544871794871795 0.6057692307692307 0.11538461538461539 0.08173076923076923
1 0.5064102564102564 0.6778846153846154 0.10897435897435898 0.07692307692307693
1 0.5448717948717948 0.7163461538461539 0.15384615384615385 0.10576923076923077
2 0.26282051282051283 0.7235576923076923 0.05448717948717949 0.021634615384615384
0 0.21794871794871795 0.7620192307692307 0.03205128205128205 0.040865384615384616
2 0.25961538461538464 0.7548076923076923 0.07692307692307693 0.06009615384615385
1 0.27564102564102566 0.8028846153846154 0.07051282051282051 0.057692307692307696