4 0.49038461538461536 0.019230769230769232 0.1282051282051282 0.036057692307692304
4 0.34294871794871795 0.051682692307692304 0.14102564102564102 0.10336538461538461
4 0.7051282051282052 0.08653846153846154 0.14743589743589744 0.1346153846153846
4 0.7467948717948718 0.0889423076923077 0.10256410256410256 0.08653846153846154
5 0.8653846153846154 0.12980769230769232 0.16987179487179488 0.1346153846153846
4 0.8301282051282052 0.16346153846153846 0.0673076923076923 0.052884615384615384
4 0.6057692307692307 0.1875 0.11538461538461539 0.0985576923076923
4 0.8237179487179487 0.04807692307692308 0.041666666666666664 0.03365384615384615
4 0.47435897435897434 0.17067307692307693 0.125 0.09615384615384616
4 0.34935897435897434 0.19230769230769232 0.11217948717948718 0.08653846153846154
4 0.4551282051282051 0.2764423076923077 0.09615384615384616 0.06971153846153846
4 0.5769230769230769 0.375 0.07371794871794872 0.05048076923076923
4 0.6185897435897436 0.3918269230769231 0.060897435897435896 0.04567307692307692
4 0.5769230769230769 0.4254807692307692 0.057692307692307696 0.040865384615384616
3 0.6987179487179487 0.4182692307692308 0.10897435897435898 0.08413461538461539
3 0.592948717948718 0.5096153846153846 0.10256410256410256 0.07932692307692307
3 0.2948717948717949 0.4879807692307692 0.10576923076923077 0.07692307692307693
3 0.3076923076923077 0.6081730769230769 0.08974358974358974 0.07932692307692307
3 0.23717948717948717 0.5961538461538461 0.12179487179487179 0.09134615384615384
3 0.26282051282051283 0.7043269230769231 0.10576923076923077 0.07932692307692307
3 0.375 0.7764423076923077 0.08333333333333333 0.06490384615384616
3 0.4519230769230769 0.7764423076923077 0.07692307692307693 0.05048076923076923
3 0.4358974358974359 0.8149038461538461 0.07371794871794872 0.040865384615384616
3 0.782051282051282 0.7475961538461539 0.11538461538461539 0.08653846153846154
5 0.6634615384615384 0.7740384615384616 0.11858974358974358 0.08413461538461539
5 0.7596153846153846 0.8173076923076923 0.10897435897435898 0.07692307692307693
4 0.4423076923076923 0.8533653846153846 0.05128205128205128 0.04807692307692308
4 0.3782051282051282 0.8557692307692307 0.07692307692307693 0.0625
4 0.3814102564102564 0.9134615384615384 0.04487179487179487 0.04326923076923077
4 0.6955128205128205 0.8317307692307693 0.07051282051282051 0.0625
4 0.6955128205128205 0.8918269230769231 0.08653846153846154 0.052884615384615384
4 0.6153846153846154 0.9110576923076923 0.0641025641025641 0.06490384615384616
4 0.592948717948718 0.96875 0.09935897435897435 0.055288461538461536
5 0.6762820512820513 0.9375 0.13782051282051283 0.10817307692307693