3 0.9711538461538461 0.21394230769230768 0.05448717948717949 0.057692307692307696
3 0.9615384615384616 0.23557692307692307 0.07371794871794872 0.052884615384615384
3 0.9006410256410257 0.2668269230769231 0.07692307692307693 0.055288461538461536
3 0.9487179487179487 0.31490384615384615 0.08653846153846154 0.06009615384615385
3 0.47435897435897434 0.21634615384615385 0.20192307692307693 0.16346153846153846
3 0.4775641025641026 0.4110576923076923 0.1955128205128205 0.14903846153846154
3 0.3173076923076923 0.3389423076923077 0.1891025641025641 0.14423076923076922
3 0.27884615384615385 0.4735576923076923 0.18269230769230768 0.13221153846153846
3 0.2692307692307692 0.5360576923076923 0.14423076923076922 0.06971153846153846
3 0.4358974358974359 0.5264423076923077 0.16346153846153846 0.12740384615384615
5 0.5801282051282052 0.4807692307692308 0.16346153846153846 0.11778846153846154
4 0.6794871794871795 0.5769230769230769 0.16666666666666666 0.10817307692307693
4 0.7564102564102564 0.625 0.17307692307692307 0.12740384615384615
4 0.7211538461538461 0.6995192307692307 0.15064102564102563 0.11057692307692307
4 0.532051282051282 0.6057692307692307 0.15384615384615385 0.10576923076923077
4 0.6025641025641025 0.6850961538461539 0.11538461538461539 0.10096153846153846
4 0.5801282051282052 0.7475961538461539 0.125 0.07692307692307693
4 0.5480769230769231 0.7932692307692307 0.10576923076923077 0.07451923076923077
4 0.4583333333333333 0.7475961538461539 0.1282051282051282 0.09615384615384616
4 0.4198717948717949 0.6490384615384616 0.1346153846153846 0.11057692307692307