4 0.2724358974358974 0.7764423076923077 0.028846153846153848 0.021634615384615384
5 0.27884615384615385 0.7524038461538461 0.028846153846153848 0.021634615384615384
4 0.2916666666666667 0.7451923076923077 0.02564102564102564 0.016826923076923076
4 0.3141025641025641 0.7620192307692307 0.028846153846153848 0.021634615384615384
4 0.30448717948717946 0.78125 0.022435897435897436 0.016826923076923076
4 0.27564102564102566 0.6971153846153846 0.02564102564102564 0.016826923076923076
4 0.30448717948717946 0.6778846153846154 0.022435897435897436 0.016826923076923076
4 0.3141025641025641 0.7259615384615384 0.022435897435897436 0.014423076923076924
4 0.3301282051282051 0.7355769230769231 0.02564102564102564 0.019230769230769232
4 0.33653846153846156 0.7644230769230769 0.022435897435897436 0.016826923076923076
3 0.33974358974358976 0.7427884615384616 0.03205128205128205 0.02403846153846154
5 0.3333333333333333 0.65625 0.041666666666666664 0.03365384615384615
5 0.34935897435897434 0.7067307692307693 0.04487179487179487 0.03365384615384615
4 0.3685897435897436 0.6971153846153846 0.041666666666666664 0.03365384615384615
4 0.3685897435897436 0.7788461538461539 0.019230769230769232 0.014423076923076924
5 0.3942307692307692 0.7379807692307693 0.041666666666666664 0.03365384615384615
4 0.32051282051282054 0.6995192307692307 0.019230769230769232 0.014423076923076924
4 0.40064102564102566 0.7211538461538461 0.038461538461538464 0.019230769230769232
4 0.42948717948717946 0.7596153846153846 0.035256410256410256 0.021634615384615384
4 0.42628205128205127 0.7836538461538461 0.041666666666666664 0.03125
4 0.44551282051282054 0.8197115384615384 0.035256410256410256 0.026442307692307692
4 0.4166666666666667 0.8125 0.028846153846153848 0.019230769230769232
4 0.44551282051282054 0.8413461538461539 0.02564102564102564 0.019230769230769232
4 0.4198717948717949 0.8413461538461539 0.028846153846153848 0.02403846153846154
4 0.4967948717948718 0.29086538461538464 0.03205128205128205 0.026442307692307692
4 0.532051282051282 0.33413461538461536 0.03205128205128205 0.026442307692307692
4 0.5833333333333334 0.33653846153846156 0.035256410256410256 0.026442307692307692
4 0.5833333333333334 0.3701923076923077 0.019230769230769232 0.016826923076923076
4 0.5705128205128205 0.41586538461538464 0.02564102564102564 0.021634615384615384
4 0.5480769230769231 0.43509615384615385 0.028846153846153848 0.021634615384615384
4 0.5512820512820513 0.4495192307692308 0.022435897435897436 0.016826923076923076
4 0.5128205128205128 0.40865384615384615 0.028846153846153848 0.021634615384615384
4 0.5096153846153846 0.43028846153846156 0.022435897435897436 0.019230769230769232
4 0.5096153846153846 0.44711538461538464 0.022435897435897436 0.016826923076923076
4 0.5416666666666666 0.4639423076923077 0.022435897435897436 0.016826923076923076
4 0.5224358974358975 0.4639423076923077 0.01282051282051282 0.014423076923076924
3 0.5384615384615384 0.5504807692307693 0.02564102564102564 0.019230769230769232
5 0.5032051282051282 0.5745192307692307 0.022435897435897436 0.016826923076923076
5 0.48717948717948717 0.5600961538461539 0.022435897435897436 0.016826923076923076
4 0.47435897435897434 0.5745192307692307 0.022435897435897436 0.014423076923076924
4 0.4775641025641026 0.5865384615384616 0.019230769230769232 0.01201923076923077
5 0.5641025641025641 0.5745192307692307 0.02564102564102564 0.016826923076923076
4 0.5384615384615384 0.5817307692307693 0.022435897435897436 0.014423076923076924
4 0.5384615384615384 0.5961538461538461 0.022435897435897436 0.014423076923076924
4 0.5192307692307693 0.5985576923076923 0.016025641025641024 0.01201923076923077
4 0.5801282051282052 0.5889423076923077 0.02564102564102564 0.014423076923076924
4 0.5608974358974359 0.5889423076923077 0.01282051282051282 0.01201923076923077
4 0.5833333333333334 0.6009615384615384 0.019230769230769232 0.014423076923076924
4 0.5064102564102564 0.6995192307692307 0.019230769230769232 0.01201923076923077
4 0.49038461538461536 0.6971153846153846 0.01282051282051282 0.01201923076923077
4 0.5352564102564102 0.6826923076923077 0.022435897435897436 0.014423076923076924
4 0.4967948717948718 0.6706730769230769 0.016025641025641024 0.01201923076923077
4 0.5192307692307693 0.6586538461538461 0.022435897435897436 0.016826923076923076
4 0.5480769230769231 0.6658653846153846 0.019230769230769232 0.016826923076923076
4 0.532051282051282 0.6418269230769231 0.022435897435897436 0.021634615384615384
4 0.5448717948717948 0.6346153846153846 0.02564102564102564 0.021634615384615384
4 0.5576923076923077 0.6682692307692307 0.028846153846153848 0.02403846153846154
4 0.5705128205128205 0.6875 0.02564102564102564 0.019230769230769232
4 0.5705128205128205 0.7043269230769231 0.02564102564102564 0.016826923076923076
4 0.6057692307692307 0.6129807692307693 0.02564102564102564 0.016826923076923076
4 0.6025641025641025 0.6322115384615384 0.028846153846153848 0.019230769230769232
5 0.6153846153846154 0.6538461538461539 0.03205128205128205 0.02403846153846154
4 0.6346153846153846 0.6370192307692307 0.016025641025641024 0.019230769230769232
4 0.5865384615384616 0.7644230769230769 0.016025641025641024 0.014423076923076924
4 0.6089743589743589 0.7475961538461539 0.019230769230769232 0.016826923076923076
4 0.6089743589743589 0.6971153846153846 0.02564102564102564 0.019230769230769232
4 0.6089743589743589 0.6730769230769231 0.02564102564102564 0.021634615384615384
4 0.6346153846153846 0.6730769230769231 0.028846153846153848 0.021634615384615384
3 0.6410256410256411 0.7307692307692307 0.022435897435897436 0.016826923076923076
3 0.6346153846153846 0.7067307692307693 0.019230769230769232 0.014423076923076924
4 0.657051282051282 0.6322115384615384 0.028846153846153848 0.021634615384615384
4 0.6891025641025641 0.6514423076923077 0.028846153846153848 0.021634615384615384
4 0.6698717948717948 0.6610576923076923 0.016025641025641024 0.014423076923076924
3 0.6602564102564102 0.7211538461538461 0.022435897435897436 0.014423076923076924
4 0.657051282051282 0.6899038461538461 0.028846153846153848 0.019230769230769232
4 0.6506410256410257 0.7475961538461539 0.022435897435897436 0.014423076923076924
4 0.6762820512820513 0.7139423076923077 0.022435897435897436 0.019230769230769232
4 0.7147435897435898 0.6778846153846154 0.02564102564102564 0.021634615384615384
4 0.6442307692307693 0.71875 0.016025641025641024 0.014423076923076924
5 0.7051282051282052 0.7475961538461539 0.022435897435897436 0.016826923076923076
3 0.7115384615384616 0.7259615384615384 0.019230769230769232 0.016826923076923076
4 0.6987179487179487 0.7307692307692307 0.019230769230769232 0.016826923076923076
4 0.6762820512820513 0.7427884615384616 0.019230769230769232 0.014423076923076924
4 0.6891025641025641 0.7572115384615384 0.019230769230769232 0.014423076923076924
4 0.717948717948718 0.7596153846153846 0.019230769230769232 0.014423076923076924
4 0.7339743589743589 0.7427884615384616 0.009615384615384616 0.007211538461538462
3 0.7307692307692307 0.7475961538461539 0.022435897435897436 0.016826923076923076
4 0.7467948717948718 0.7355769230769231 0.022435897435897436 0.014423076923076924
3 0.6057692307692307 0.5697115384615384 0.016025641025641024 0.01201923076923077
4 0.7435897435897436 0.3004807692307692 0.02564102564102564 0.019230769230769232
4 0.7371794871794872 0.31490384615384615 0.02564102564102564 0.016826923076923076
4 0.7275641025641025 0.3317307692307692 0.022435897435897436 0.014423076923076924
4 0.7147435897435898 0.34615384615384615 0.016025641025641024 0.009615384615384616
4 0.6987179487179487 0.3485576923076923 0.019230769230769232 0.01201923076923077
4 0.7115384615384616 0.2860576923076923 0.02564102564102564 0.019230769230769232
4 0.7051282051282052 0.30528846153846156 0.02564102564102564 0.016826923076923076
4 0.6987179487179487 0.3173076923076923 0.02564102564102564 0.016826923076923076
4 0.6923076923076923 0.33413461538461536 0.016025641025641024 0.01201923076923077
5 0.75 0.6442307692307693 0.016025641025641024 0.01201923076923077
4 0.7660256410256411 0.6466346153846154 0.01282051282051282 0.009615384615384616
5 0.7083333333333334 0.5697115384615384 0.019230769230769232 0.014423076923076924
4 0.717948717948718 0.5841346153846154 0.016025641025641024 0.01201923076923077
5 0.7115384615384616 0.5528846153846154 0.019230769230769232 0.014423076923076924
3 0.7051282051282052 0.5480769230769231 0.016025641025641024 0.014423076923076924
4 0.6923076923076923 0.5552884615384616 0.016025641025641024 0.009615384615384616
4 0.7467948717948718 0.5793269230769231 0.019230769230769232 0.014423076923076924
4 0.7467948717948718 0.5961538461538461 0.019230769230769232 0.014423076923076924
4 0.7467948717948718 0.6105769230769231 0.01282051282051282 0.01201923076923077
5 0.7628205128205128 0.5528846153846154 0.016025641025641024 0.009615384615384616
4 0.7756410256410257 0.5528846153846154 0.009615384615384616 0.009615384615384616
4 0.7692307692307693 0.5721153846153846 0.019230769230769232 0.014423076923076924
4 0.782051282051282 0.5817307692307693 0.01282051282051282 0.009615384615384616
4 0.7980769230769231 0.5769230769230769 0.019230769230769232 0.014423076923076924
3 0.7980769230769231 0.5528846153846154 0.022435897435897436 0.014423076923076924
4 0.8012820512820513 0.5649038461538461 0.022435897435897436 0.01201923076923077
4 0.7339743589743589 0.5480769230769231 0.016025641025641024 0.01201923076923077
3 0.8589743589743589 0.5120192307692307 0.022435897435897436 0.014423076923076924
3 0.8397435897435898 0.4855769230769231 0.016025641025641024 0.014423076923076924
5 0.8493589743589743 0.5192307692307693 0.016025641025641024 0.01201923076923077
4 0.8333333333333334 0.5264423076923077 0.016025641025641024 0.01201923076923077
5 0.8269230769230769 0.5144230769230769 0.016025641025641024 0.01201923076923077
3 0.9102564102564102 0.5048076923076923 0.016025641025641024 0.01201923076923077
5 0.9166666666666666 0.5144230769230769 0.016025641025641024 0.01201923076923077
5 0.8942307692307693 0.5240384615384616 0.019230769230769232 0.01201923076923077
4 0.9262820512820513 0.5264423076923077 0.016025641025641024 0.01201923076923077
4 0.9134615384615384 0.5408653846153846 0.016025641025641024 0.01201923076923077