4 0.13141025641025642 0.6057692307692307 0.07371794871794872 0.04807692307692308
4 0.11217948717948718 0.5456730769230769 0.09294871794871795 0.0625
4 0.20512820512820512 0.4735576923076923 0.07371794871794872 0.057692307692307696
5 0.19230769230769232 0.39903846153846156 0.07692307692307693 0.0625
5 0.22756410256410256 0.31009615384615385 0.08974358974358974 0.06971153846153846
4 0.03205128205128205 0.6418269230769231 0.060897435897435896 0.05048076923076923
4 0.11217948717948718 0.6418269230769231 0.05128205128205128 0.040865384615384616
4 0.08333333333333333 0.6129807692307693 0.035256410256410256 0.040865384615384616
4 0.019230769230769232 0.5745192307692307 0.038461538461538464 0.038461538461538464
4 0.2532051282051282 0.5408653846153846 0.0673076923076923 0.052884615384615384
4 0.3173076923076923 0.5288461538461539 0.0673076923076923 0.05048076923076923
4 0.34615384615384615 0.4254807692307692 0.08012820512820513 0.055288461538461536
4 0.28846153846153844 0.6057692307692307 0.060897435897435896 0.038461538461538464
4 0.42948717948717946 0.5144230769230769 0.057692307692307696 0.055288461538461536
4 0.4583333333333333 0.5048076923076923 0.08333333333333333 0.0625
4 0.5096153846153846 0.35096153846153844 0.041666666666666664 0.03125
4 0.21153846153846154 0.7836538461538461 0.060897435897435896 0.05048076923076923
4 0.2467948717948718 0.7331730769230769 0.060897435897435896 0.04326923076923077
4 0.05448717948717949 0.6754807692307693 0.0673076923076923 0.04326923076923077
4 0.2948717948717949 0.6995192307692307 0.05448717948717949 0.040865384615384616
4 0.32371794871794873 0.6634615384615384 0.028846153846153848 0.019230769230769232
4 0.41025641025641024 0.6201923076923077 0.0641025641025641 0.04567307692307692
4 0.4326923076923077 0.6610576923076923 0.05448717948717949 0.04326923076923077
4 0.4583333333333333 0.6730769230769231 0.028846153846153848 0.02403846153846154
4 0.5256410256410257 0.6057692307692307 0.057692307692307696 0.036057692307692304
5 0.3333333333333333 0.7475961538461539 0.057692307692307696 0.04807692307692308
5 0.2980769230769231 0.7475961538461539 0.038461538461538464 0.04807692307692308
4 0.20512820512820512 0.6322115384615384 0.022435897435897436 0.016826923076923076
4 0.27564102564102566 0.8173076923076923 0.0673076923076923 0.05048076923076923
4 0.1891025641025641 0.8461538461538461 0.05128205128205128 0.038461538461538464
4 0.26282051282051283 0.9326923076923077 0.0673076923076923 0.055288461538461536
4 0.2467948717948718 0.8990384615384616 0.0641025641025641 0.05048076923076923
4 0.30448717948717946 0.9567307692307693 0.04807692307692308 0.04326923076923077
4 0.3301282051282051 0.8677884615384616 0.05448717948717949 0.05048076923076923
5 0.38782051282051283 0.8533653846153846 0.060897435897435896 0.05048076923076923
4 0.34615384615384615 0.8341346153846154 0.05128205128205128 0.036057692307692304
4 0.4198717948717949 0.8076923076923077 0.04807692307692308 0.038461538461538464
4 0.44551282051282054 0.7620192307692307 0.038461538461538464 0.036057692307692304
4 0.3974358974358974 0.7764423076923077 0.038461538461538464 0.038461538461538464
4 0.34935897435897434 0.6875 0.04487179487179487 0.040865384615384616
4 0.4551282051282051 0.9278846153846154 0.04487179487179487 0.040865384615384616
4 0.41346153846153844 0.9711538461538461 0.038461538461538464 0.03365384615384615
3 0.5 0.8798076923076923 0.060897435897435896 0.057692307692307696
4 0.5576923076923077 0.8918269230769231 0.038461538461538464 0.028846153846153848
4 0.34615384615384615 0.90625 0.04807692307692308 0.04326923076923077
4 0.3782051282051282 0.9182692307692307 0.04807692307692308 0.040865384615384616
4 0.14102564102564102 0.6826923076923077 0.04487179487179487 0.03365384615384615
4 0.25961538461538464 0.6850961538461539 0.035256410256410256 0.028846153846153848
4 0.5160256410256411 0.6778846153846154 0.028846153846153848 0.021634615384615384
4 0.6442307692307693 0.6298076923076923 0.05448717948717949 0.04326923076923077
4 0.6089743589743589 0.5360576923076923 0.05448717948717949 0.040865384615384616
4 0.7051282051282052 0.5120192307692307 0.07371794871794872 0.05048076923076923
4 0.7211538461538461 0.5961538461538461 0.05128205128205128 0.040865384615384616
4 0.7948717948717948 0.6394230769230769 0.022435897435897436 0.021634615384615384
4 0.7435897435897436 0.6875 0.01282051282051282 0.01201923076923077
4 0.9519230769230769 0.2764423076923077 0.03205128205128205 0.021634615384615384
4 0.9455128205128205 0.21634615384615385 0.04807692307692308 0.028846153846153848
4 0.8557692307692307 0.2956730769230769 0.016025641025641024 0.014423076923076924
4 0.8108974358974359 0.23798076923076922 0.02564102564102564 0.019230769230769232
4 0.8397435897435898 0.23557692307692307 0.028846153846153848 0.021634615384615384
4 0.8493589743589743 0.20673076923076922 0.035256410256410256 0.02403846153846154
4 0.8846153846153846 0.18028846153846154 0.05128205128205128 0.038461538461538464
4 0.9615384615384616 0.13701923076923078 0.041666666666666664 0.028846153846153848
4 0.9423076923076923 0.01201923076923077 0.02564102564102564 0.021634615384615384
4 0.9423076923076923 0.08653846153846154 0.04807692307692308 0.040865384615384616
4 0.907051282051282 0.0985576923076923 0.028846153846153848 0.028846153846153848
4 0.8878205128205128 0.057692307692307696 0.01282051282051282 0.009615384615384616
4 0.8461538461538461 0.04567307692307692 0.01282051282051282 0.014423076923076924
4 0.1794871794871795 0.8004807692307693 0.0641025641025641 0.04326923076923077
4 0.33974358974358976 0.9423076923076923 0.05128205128205128 0.038461538461538464