1 0.0673076923076923 0.40625 0.1346153846153846 0.11538461538461539
1 0.5801282051282052 0.5264423076923077 0.33974358974358976 0.23798076923076922
1 0.27884615384615385 0.6033653846153846 0.2724358974358974 0.2091346153846154
1 0.38782051282051283 0.6274038461538461 0.21794871794871795 0.1466346153846154
1 0.07692307692307693 0.6177884615384616 0.10897435897435898 0.07932692307692307
2 0.2948717948717949 0.7596153846153846 0.10576923076923077 0.07932692307692307
2 0.1762820512820513 0.7740384615384616 0.12179487179487179 0.09134615384615384
0 0.10897435897435898 0.7548076923076923 0.07371794871794872 0.055288461538461536
1 0.24358974358974358 0.8365384615384616 0.11538461538461539 0.0985576923076923
1 0.3782051282051282 0.9759615384615384 0.14743589743589744 0.04326923076923077
1 0.9551282051282052 0.2283653846153846 0.08333333333333333 0.055288461538461536
1 0.9807692307692307 0.16346153846153846 0.035256410256410256 0.09615384615384616
1 0.9358974358974359 0.16105769230769232 0.07051282051282051 0.06490384615384616