5 0.9198717948717948 0.20432692307692307 0.15384615384615385 0.13221153846153846
3 0.717948717948718 0.3389423076923077 0.20512820512820512 0.15144230769230768
4 0.7628205128205128 0.4831730769230769 0.13782051282051283 0.0985576923076923
4 0.6602564102564102 0.5625 0.11538461538461539 0.09134615384615384
4 0.7980769230769231 0.5961538461538461 0.10256410256410256 0.07692307692307693
4 0.8493589743589743 0.6875 0.16987179487179488 0.125
4 0.592948717948718 0.9855769230769231 0.07371794871794872 0.021634615384615384
4 0.5897435897435898 0.8173076923076923 0.10897435897435898 0.09615384615384616
4 0.8461538461538461 0.8269230769230769 0.15705128205128205 0.11778846153846154
4 0.7660256410256411 0.8485576923076923 0.10576923076923077 0.09375
4 0.5705128205128205 0.7139423076923077 0.07692307692307693 0.028846153846153848
4 0.5769230769230769 0.7355769230769231 0.035256410256410256 0.014423076923076924
3 0.5769230769230769 0.6442307692307693 0.17307692307692307 0.125
3 0.5769230769230769 0.53125 0.14423076923076922 0.11057692307692307
4 0.46153846153846156 0.5745192307692307 0.08974358974358974 0.038461538461538464
4 0.4583333333333333 0.6394230769230769 0.04487179487179487 0.036057692307692304
4 0.4166666666666667 0.6370192307692307 0.057692307692307696 0.028846153846153848
5 0.4166666666666667 0.6033653846153846 0.07051282051282051 0.052884615384615384
3 0.4358974358974359 0.5408653846153846 0.16025641025641027 0.0673076923076923
3 0.3557692307692308 0.5360576923076923 0.060897435897435896 0.06009615384615385
3 0.44871794871794873 0.4639423076923077 0.22115384615384615 0.16105769230769232
4 0.5352564102564102 0.40384615384615385 0.0641025641025641 0.040865384615384616
4 0.3557692307692308 0.4182692307692308 0.04487179487179487 0.04326923076923077
3 0.24358974358974358 0.4639423076923077 0.05448717948717949 0.038461538461538464
3 0.2948717948717949 0.49038461538461536 0.05448717948717949 0.038461538461538464
5 0.25 0.49759615384615385 0.05128205128205128 0.036057692307692304
5 0.2916666666666667 0.5264423076923077 0.04807692307692308 0.036057692307692304
3 0.05128205128205128 0.30528846153846156 0.04807692307692308 0.036057692307692304
3 0.01282051282051282 0.32211538461538464 0.02564102564102564 0.038461538461538464
4 0.041666666666666664 0.34134615384615385 0.038461538461538464 0.03365384615384615
4 0.08012820512820513 0.375 0.03205128205128205 0.02403846153846154
4 0.07692307692307693 0.39663461538461536 0.022435897435897436 0.016826923076923076
4 0.08974358974358974 0.4014423076923077 0.035256410256410256 0.021634615384615384