5 0.5128205128205128 0.49759615384615385 0.10256410256410256 0.08173076923076923
3 0.33653846153846156 0.5697115384615384 0.10897435897435898 0.09375
3 0.5416666666666666 0.7331730769230769 0.14102564102564102 0.11778846153846154
4 0.4166666666666667 0.6009615384615384 0.10576923076923077 0.07932692307692307
4 0.6153846153846154 0.6466346153846154 0.11858974358974358 0.09615384615384616
4 0.4967948717948718 0.7836538461538461 0.08974358974358974 0.05048076923076923
4 0.42948717948717946 0.71875 0.11858974358974358 0.0985576923076923
4 0.46153846153846156 0.6682692307692307 0.08653846153846154 0.052884615384615384
4 0.3333333333333333 0.6466346153846154 0.09935897435897435 0.06490384615384616
4 0.3076923076923077 0.7211538461538461 0.12179487179487179 0.10336538461538461
4 0.6666666666666666 0.6778846153846154 0.07692307692307693 0.0625
4 0.36217948717948717 0.8149038461538461 0.10897435897435898 0.07932692307692307
4 0.2980769230769231 0.8173076923076923 0.057692307692307696 0.0673076923076923
4 0.5416666666666666 0.6634615384615384 0.05448717948717949 0.03125
4 0.5384615384615384 0.5600961538461539 0.07371794871794872 0.055288461538461536
4 0.4935897435897436 0.5576923076923077 0.05448717948717949 0.06009615384615385