4 0.10897435897435898 0.03485576923076923 0.14102564102564102 0.06971153846153846
4 0.06570512820512821 0.09735576923076923 0.13141025641025642 0.11298076923076923
4 0.33653846153846156 0.12740384615384615 0.13141025641025642 0.10576923076923077
4 0.046474358974358976 0.20072115384615385 0.09294871794871795 0.08413461538461539
4 0.22435897435897437 0.2283653846153846 0.13141025641025642 0.10817307692307693
4 0.11538461538461539 0.28125 0.09294871794871795 0.07211538461538461
5 0.4391025641025641 0.28846153846153844 0.11217948717948718 0.09134615384615384
3 0.6089743589743589 0.27403846153846156 0.12179487179487179 0.09134615384615384
4 0.5576923076923077 0.3629807692307692 0.09935897435897435 0.07451923076923077
4 0.40384615384615385 0.4014423076923077 0.08974358974358974 0.0673076923076923
4 0.5192307692307693 0.4182692307692308 0.08653846153846154 0.0673076923076923
4 0.391025641025641 0.4495192307692308 0.08333333333333333 0.055288461538461536
4 0.48717948717948717 0.47836538461538464 0.07051282051282051 0.05048076923076923
4 0.4166666666666667 0.5 0.057692307692307696 0.04567307692307692
5 0.04487179487179487 0.7451923076923077 0.041666666666666664 0.03125
3 0.4967948717948718 0.8701923076923077 0.08012820512820513 0.0673076923076923
5 0.4326923076923077 0.7668269230769231 0.060897435897435896 0.05048076923076923
4 0.40705128205128205 0.7932692307692307 0.04807692307692308 0.036057692307692304
4 0.375 0.8149038461538461 0.057692307692307696 0.04567307692307692
4 0.36538461538461536 0.8581730769230769 0.05448717948717949 0.04807692307692308
4 0.4423076923076923 0.9110576923076923 0.0673076923076923 0.055288461538461536
4 0.40064102564102566 0.9567307692307693 0.05448717948717949 0.04326923076923077
4 0.44551282051282054 0.9735576923076923 0.07051282051282051 0.04807692307692308
4 0.483974358974359 0.7788461538461539 0.03205128205128205 0.026442307692307692
4 0.5128205128205128 0.7475961538461539 0.04487179487179487 0.03365384615384615
3 0.5705128205128205 0.7836538461538461 0.057692307692307696 0.04567307692307692
5 0.5384615384615384 0.8341346153846154 0.04487179487179487 0.038461538461538464
5 0.6602564102564102 0.9086538461538461 0.0673076923076923 0.052884615384615384
5 0.6891025641025641 0.8173076923076923 0.060897435897435896 0.05048076923076923
4 0.6314102564102564 0.71875 0.05448717948717949 0.04326923076923077
4 0.5576923076923077 0.7403846153846154 0.05448717948717949 0.040865384615384616