4 0.44551282051282054 0.055288461538461536 0.05128205128205128 0.04567307692307692
4 0.4423076923076923 0.0985576923076923 0.04487179487179487 0.038461538461538464
4 0.391025641025641 0.0985576923076923 0.05128205128205128 0.04326923076923077
4 0.3557692307692308 0.057692307692307696 0.057692307692307696 0.04807692307692308
5 0.21474358974358973 0.02403846153846154 0.0641025641025641 0.04807692307692308
4 0.22115384615384615 0.0625 0.0641025641025641 0.04567307692307692
4 0.23076923076923078 0.004807692307692308 0.041666666666666664 0.009615384615384616
3 0.4583333333333333 0.5793269230769231 0.04487179487179487 0.036057692307692304
3 0.4358974358974359 0.5697115384615384 0.038461538461538464 0.03365384615384615
4 0.48717948717948717 0.5961538461538461 0.04487179487179487 0.03365384615384615
4 0.46794871794871795 0.5600961538461539 0.028846153846153848 0.02403846153846154
3 0.483974358974359 0.47596153846153844 0.028846153846153848 0.021634615384615384
4 0.4967948717948718 0.49278846153846156 0.02564102564102564 0.019230769230769232
4 0.4807692307692308 0.4206730769230769 0.035256410256410256 0.026442307692307692
4 0.5160256410256411 0.39903846153846156 0.028846153846153848 0.019230769230769232
5 0.5448717948717948 0.3918269230769231 0.03205128205128205 0.02403846153846154
3 0.7147435897435898 0.21634615384615385 0.035256410256410256 0.02403846153846154
3 0.6346153846153846 0.23317307692307693 0.03205128205128205 0.026442307692307692
5 0.6955128205128205 0.23557692307692307 0.03205128205128205 0.02403846153846154
3 0.6442307692307693 0.2932692307692308 0.03205128205128205 0.02403846153846154
4 0.625 0.25240384615384615 0.03205128205128205 0.02403846153846154
4 0.6185897435897436 0.28365384615384615 0.02564102564102564 0.021634615384615384
4 0.6346153846153846 0.31971153846153844 0.03205128205128205 0.02403846153846154
4 0.6602564102564102 0.3245192307692308 0.028846153846153848 0.021634615384615384
5 0.6634615384615384 0.2668269230769231 0.02564102564102564 0.021634615384615384
4 0.6826923076923077 0.2860576923076923 0.028846153846153848 0.02403846153846154
4 0.6666666666666666 0.28125 0.016025641025641024 0.01201923076923077
4 0.7019230769230769 0.25721153846153844 0.019230769230769232 0.019230769230769232
4 0.6858974358974359 0.25961538461538464 0.022435897435897436 0.021634615384615384
4 0.8269230769230769 0.08653846153846154 0.02564102564102564 0.016826923076923076
4 0.8076923076923077 0.08173076923076923 0.022435897435897436 0.019230769230769232
4 0.8044871794871795 0.06490384615384616 0.022435897435897436 0.019230769230769232
5 0.8461538461538461 0.0625 0.022435897435897436 0.019230769230769232
5 0.8525641025641025 0.03125 0.022435897435897436 0.019230769230769232
4 0.7916666666666666 0.014423076923076924 0.019230769230769232 0.014423076923076924
4 0.8621794871794872 0.07211538461538461 0.019230769230769232 0.014423076923076924
4 0.8974358974358975 0.052884615384615384 0.016025641025641024 0.014423076923076924
3 0.8846153846153846 0.20192307692307693 0.019230769230769232 0.014423076923076924
3 0.8814102564102564 0.21634615384615385 0.016025641025641024 0.014423076923076924
4 0.8717948717948718 0.22115384615384615 0.016025641025641024 0.014423076923076924
4 0.9262820512820513 0.24519230769230768 0.016025641025641024 0.01201923076923077
4 0.9006410256410257 0.24759615384615385 0.016025641025641024 0.01201923076923077