4 0.25961538461538464 0.16826923076923078 0.03205128205128205 0.028846153846153848
4 0.19230769230769232 0.1201923076923077 0.07692307692307693 0.057692307692307696
4 0.1955128205128205 0.06971153846153846 0.060897435897435896 0.04807692307692308
4 0.08333333333333333 0.057692307692307696 0.08974358974358974 0.0673076923076923
4 0.028846153846153848 0.0985576923076923 0.04487179487179487 0.038461538461538464
4 0.10256410256410256 0.1466346153846154 0.041666666666666664 0.028846153846153848
5 0.05128205128205128 0.15865384615384615 0.04487179487179487 0.03365384615384615
4 0.1955128205128205 0.20192307692307693 0.041666666666666664 0.038461538461538464
4 0.13782051282051283 0.20432692307692307 0.05448717948717949 0.036057692307692304
4 0.1762820512820513 0.2620192307692308 0.035256410256410256 0.03365384615384615
4 0.14102564102564102 0.27163461538461536 0.05128205128205128 0.036057692307692304
4 0.12179487179487179 0.2932692307692308 0.0673076923076923 0.04567307692307692
4 0.125 0.3317307692307692 0.05128205128205128 0.03125
3 0.2916666666666667 0.5216346153846154 0.09294871794871795 0.055288461538461536
5 0.2948717948717949 0.5769230769230769 0.09615384615384616 0.0625
5 0.34935897435897434 0.6201923076923077 0.08653846153846154 0.057692307692307696
5 0.20192307692307693 0.6105769230769231 0.10256410256410256 0.07692307692307693
3 0.23397435897435898 0.6802884615384616 0.11217948717948718 0.0625
5 0.22756410256410256 0.7307692307692307 0.10897435897435898 0.08173076923076923
3 0.6474358974358975 0.23076923076923078 0.09294871794871795 0.07211538461538461
4 0.5705128205128205 0.24519230769230768 0.08012820512820513 0.05048076923076923
4 0.625 0.2980769230769231 0.08974358974358974 0.0673076923076923
4 0.5705128205128205 0.28365384615384615 0.07051282051282051 0.06009615384615385
4 0.5544871794871795 0.33413461538461536 0.07692307692307693 0.052884615384615384
4 0.592948717948718 0.3581730769230769 0.060897435897435896 0.05048076923076923
4 0.6185897435897436 0.37740384615384615 0.07371794871794872 0.052884615384615384
4 0.6378205128205128 0.4014423076923077 0.07051282051282051 0.052884615384615384
4 0.7147435897435898 0.13701923076923078 0.09935897435897435 0.07932692307692307
4 0.7147435897435898 0.2764423076923077 0.07051282051282051 0.055288461538461536
4 0.7467948717948718 0.30288461538461536 0.07051282051282051 0.038461538461538464
4 0.7467948717948718 0.31971153846153844 0.07051282051282051 0.036057692307692304
4 0.7756410256410257 0.28125 0.05128205128205128 0.038461538461538464
5 0.875 0.06009615384615385 0.05448717948717949 0.04567307692307692
4 0.9423076923076923 0.019230769230769232 0.08974358974358974 0.036057692307692304
4 0.782051282051282 0.2091346153846154 0.08333333333333333 0.06971153846153846
4 0.8205128205128205 0.13221153846153846 0.041666666666666664 0.038461538461538464
4 0.8717948717948718 0.1201923076923077 0.0673076923076923 0.0625
4 0.9262820512820513 0.1201923076923077 0.08653846153846154 0.0673076923076923
4 0.9038461538461539 0.19951923076923078 0.05128205128205128 0.036057692307692304
4 0.8493589743589743 0.2620192307692308 0.07371794871794872 0.06009615384615385
4 0.8782051282051282 0.2932692307692308 0.07692307692307693 0.057692307692307696
4 0.8589743589743589 0.31490384615384615 0.057692307692307696 0.038461538461538464
3 0.9871794871794872 0.40625 0.019230769230769232 0.038461538461538464
5 0.8782051282051282 0.3942307692307692 0.03205128205128205 0.028846153846153848
4 0.9262820512820513 0.36538461538461536 0.038461538461538464 0.026442307692307692
4 0.9583333333333334 0.0889423076923077 0.060897435897435896 0.040865384615384616
4 0.8653846153846154 0.36538461538461536 0.060897435897435896 0.040865384615384616
4 0.8461538461538461 0.39663461538461536 0.04487179487179487 0.03125
4 0.7628205128205128 0.1778846153846154 0.041666666666666664 0.03125
4 0.3717948717948718 0.7451923076923077 0.038461538461538464 0.03365384615384615