3 0.9551282051282052 0.46153846153846156 0.08653846153846154 0.0985576923076923
4 0.9423076923076923 0.5793269230769231 0.10897435897435898 0.09134615384615384
4 0.9102564102564102 0.6418269230769231 0.11217948717948718 0.06971153846153846
4 0.9711538461538461 0.7091346153846154 0.05448717948717949 0.06490384615384616
3 0.24358974358974358 0.34615384615384615 0.16025641025641027 0.13221153846153846
5 0.3717948717948718 0.4855769230769231 0.1891025641025641 0.13942307692307693
4 0.266025641025641 0.4807692307692308 0.08653846153846154 0.10096153846153846
5 0.375 0.5625 0.1282051282051282 0.0673076923076923
5 0.4391025641025641 0.6370192307692307 0.16666666666666666 0.12740384615384615
4 0.3717948717948718 0.6971153846153846 0.10256410256410256 0.07211538461538461
5 0.7243589743589743 0.4519230769230769 0.15705128205128205 0.11057692307692307
5 0.7115384615384616 0.5745192307692307 0.15384615384615385 0.11298076923076923
5 0.5769230769230769 0.4831730769230769 0.16666666666666666 0.1201923076923077