1 0.11538461538461539 0.055288461538461536 0.07692307692307693 0.06490384615384616
1 0.18269230769230768 0.08413461538461539 0.07051282051282051 0.06009615384615385
2 0.019230769230769232 0.14182692307692307 0.03205128205128205 0.028846153846153848
1 0.01282051282051282 0.20432692307692307 0.022435897435897436 0.03125
0 0.041666666666666664 0.23076923076923078 0.03205128205128205 0.019230769230769232
0 0.14102564102564102 0.24519230769230768 0.05448717948717949 0.05048076923076923
2 0.11538461538461539 0.23557692307692307 0.04487179487179487 0.04326923076923077
1 0.25 0.21634615384615385 0.0673076923076923 0.052884615384615384
1 0.21153846153846154 0.25240384615384615 0.057692307692307696 0.04567307692307692
2 0.07051282051282051 0.30528846153846156 0.041666666666666664 0.026442307692307692
2 0.07051282051282051 0.3293269230769231 0.041666666666666664 0.028846153846153848
1 0.04487179487179487 0.3269230769230769 0.028846153846153848 0.026442307692307692
1 0.13141025641025642 0.3557692307692308 0.028846153846153848 0.019230769230769232
2 0.27564102564102566 0.35096153846153844 0.05448717948717949 0.040865384615384616
1 0.26282051282051283 0.3870192307692308 0.0641025641025641 0.05048076923076923
2 0.3141025641025641 0.3870192307692308 0.05448717948717949 0.038461538461538464
1 0.42948717948717946 0.4206730769230769 0.125 0.08653846153846154
1 0.40064102564102566 0.49278846153846156 0.11858974358974358 0.07932692307692307
1 0.3076923076923077 0.5024038461538461 0.10256410256410256 0.07211538461538461
1 0.7019230769230769 0.5432692307692307 0.15064102564102563 0.10576923076923077
1 0.5737179487179487 0.5793269230769231 0.15384615384615385 0.11298076923076923
2 0.375 0.6129807692307693 0.04807692307692308 0.03365384615384615
2 0.5416666666666666 0.65625 0.08974358974358974 0.0673076923076923