4 0.391025641025641 0.16346153846153846 0.15705128205128205 0.125
4 0.7275641025641025 0.24519230769230768 0.16987179487179488 0.125
4 0.6987179487179487 0.32211538461538464 0.10897435897435898 0.07211538461538461
4 0.3269230769230769 0.27403846153846156 0.1346153846153846 0.10576923076923077
4 0.6634615384615384 0.4014423076923077 0.13141025641025642 0.0985576923076923
4 0.5160256410256411 0.3629807692307692 0.14102564102564102 0.10817307692307693
4 0.33653846153846156 0.3701923076923077 0.14102564102564102 0.11298076923076923
3 0.9423076923076923 0.4375 0.09615384615384616 0.0673076923076923
3 0.9455128205128205 0.4807692307692308 0.08012820512820513 0.03125
4 0.6314102564102564 0.4519230769230769 0.09935897435897435 0.0625
4 0.3685897435897436 0.4423076923076923 0.10897435897435898 0.06971153846153846
3 0.22435897435897437 0.43509615384615385 0.1794871794871795 0.13221153846153846
4 0.38782051282051283 0.5264423076923077 0.125 0.0985576923076923
5 0.23397435897435898 0.5432692307692307 0.15705128205128205 0.10336538461538461
4 0.5480769230769231 0.5336538461538461 0.11217948717948718 0.08653846153846154
4 0.9358974358974359 0.5600961538461539 0.07692307692307693 0.052884615384615384
4 0.5544871794871795 0.6129807692307693 0.0673076923076923 0.07211538461538461
4 0.47435897435897434 0.6105769230769231 0.12179487179487179 0.09134615384615384
4 0.9262820512820513 0.5985576923076923 0.07371794871794872 0.040865384615384616
4 0.9423076923076923 0.6370192307692307 0.0673076923076923 0.04326923076923077
4 0.9743589743589743 0.6826923076923077 0.04487179487179487 0.036057692307692304
4 0.9551282051282052 0.6875 0.038461538461538464 0.028846153846153848
4 0.41025641025641024 0.6754807692307693 0.019230769230769232 0.019230769230769232
4 0.4775641025641026 0.6995192307692307 0.05128205128205128 0.040865384615384616
4 0.22115384615384615 0.6995192307692307 0.1346153846153846 0.0985576923076923
4 0.25 0.75 0.08653846153846154 0.057692307692307696
4 0.28846153846153844 0.7884615384615384 0.10576923076923077 0.07451923076923077
4 0.3141025641025641 0.8100961538461539 0.08333333333333333 0.06490384615384616
4 0.2692307692307692 0.8389423076923077 0.05128205128205128 0.038461538461538464