1 0.31971153846153844 0.035256410256410256 0.052884615384615384 0.07051282051282051
1 0.3894230769230769 0.057692307692307696 0.07692307692307693 0.11538461538461539
1 0.35096153846153844 0.10576923076923077 0.0673076923076923 0.11217948717948718
1 0.41346153846153844 0.15384615384615385 0.07451923076923077 0.09935897435897435
0 0.2956730769230769 0.2980769230769231 0.09615384615384616 0.11538461538461539
0 0.2091346153846154 0.2980769230769231 0.09375 0.1282051282051282
1 0.2692307692307692 0.38461538461538464 0.07692307692307693 0.09294871794871795
1 0.17067307692307693 0.46153846153846156 0.052884615384615384 0.060897435897435896
1 0.1466346153846154 0.5192307692307693 0.055288461538461536 0.060897435897435896
0 0.10817307692307693 0.6282051282051282 0.04807692307692308 0.04807692307692308
1 0.23557692307692307 0.7660256410256411 0.040865384615384616 0.04807692307692308
1 0.43028846153846156 0.8205128205128205 0.0625 0.08653846153846154
2 0.4375 0.907051282051282 0.0673076923076923 0.08974358974358974
0 0.6370192307692307 0.6217948717948718 0.04326923076923077 0.04807692307692308
0 0.6538461538461539 0.41025641025641024 0.08413461538461539 0.08333333333333333
0 0.6706730769230769 0.49038461538461536 0.09615384615384616 0.14102564102564102
1 0.6778846153846154 0.47115384615384615 0.07932692307692307 0.10256410256410256
2 0.59375 0.4519230769230769 0.057692307692307696 0.09935897435897435
0 0.19471153846153846 0.4519230769230769 0.02403846153846154 0.05128205128205128
2 0.01201923076923077 0.4391025641025641 0.02403846153846154 0.057692307692307696
1 0.8918269230769231 0.02564102564102564 0.08413461538461539 0.05128205128205128