3 0.28205128205128205 0.6947115384615384 0.13782051282051283 0.10336538461538461
3 0.28846153846153844 0.7932692307692307 0.11858974358974358 0.09615384615384616
3 0.23397435897435898 0.8942307692307693 0.13782051282051283 0.11538461538461539
3 0.19230769230769232 0.8125 0.13141025641025642 0.10576923076923077
3 0.3814102564102564 0.3629807692307692 0.1794871794871795 0.14182692307692307
3 0.41025641025641024 0.16105769230769232 0.14743589743589744 0.11778846153846154
3 0.5 0.28846153846153844 0.1762820512820513 0.12980769230769232
3 0.5 0.19230769230769232 0.13782051282051283 0.09615384615384616
3 0.6057692307692307 0.2980769230769231 0.10576923076923077 0.11538461538461539
4 0.7051282051282052 0.27163461538461536 0.13782051282051283 0.0889423076923077
4 0.6378205128205128 0.19951923076923078 0.13141025641025642 0.09134615384615384
4 0.5705128205128205 0.4254807692307692 0.15705128205128205 0.1201923076923077
4 0.4967948717948718 0.47836538461538464 0.10576923076923077 0.08653846153846154
4 0.40064102564102566 0.5048076923076923 0.14743589743589744 0.11057692307692307
4 0.5801282051282052 0.5480769230769231 0.14102564102564102 0.10817307692307693
4 0.6153846153846154 0.6682692307692307 0.1346153846153846 0.10336538461538461
4 0.4391025641025641 0.6298076923076923 0.13141025641025642 0.0985576923076923
4 0.48717948717948717 0.7956730769230769 0.1282051282051282 0.10817307692307693
4 0.5833333333333334 0.04447115384615385 0.14743589743589744 0.0889423076923077