4 0.035256410256410256 0.040865384615384616 0.0673076923076923 0.07932692307692307
4 0.0673076923076923 0.10576923076923077 0.10897435897435898 0.0985576923076923
4 0.08012820512820513 0.1778846153846154 0.11858974358974358 0.11298076923076923
4 0.14743589743589744 0.19471153846153846 0.08333333333333333 0.09375
4 0.05448717948717949 0.2668269230769231 0.10576923076923077 0.09615384615384616
4 0.20192307692307693 0.27884615384615385 0.08653846153846154 0.0889423076923077
4 0.20192307692307693 0.21153846153846154 0.04807692307692308 0.04807692307692308
4 0.20512820512820512 0.3125 0.0673076923076923 0.05048076923076923
3 0.5128205128205128 0.28846153846153844 0.03205128205128205 0.03365384615384615
3 0.483974358974359 0.3004807692307692 0.03205128205128205 0.026442307692307692
3 0.46474358974358976 0.2860576923076923 0.019230769230769232 0.028846153846153848
4 0.7083333333333334 0.30288461538461536 0.035256410256410256 0.03125
4 0.6955128205128205 0.32211538461538464 0.028846153846153848 0.028846153846153848
5 0.782051282051282 0.32211538461538464 0.035256410256410256 0.028846153846153848
3 0.7307692307692307 0.28365384615384615 0.038461538461538464 0.03365384615384615
3 0.7275641025641025 0.31490384615384615 0.03205128205128205 0.026442307692307692
3 0.7692307692307693 0.2860576923076923 0.038461538461538464 0.038461538461538464
3 0.7564102564102564 0.30288461538461536 0.028846153846153848 0.021634615384615384
3 0.8108974358974359 0.25721153846153844 0.03205128205128205 0.03365384615384615
3 0.8173076923076923 0.28846153846153844 0.041666666666666664 0.028846153846153848
3 0.8076923076923077 0.2980769230769231 0.038461538461538464 0.03365384615384615
3 0.8044871794871795 0.31971153846153844 0.028846153846153848 0.026442307692307692
3 0.8301282051282052 0.5 0.09294871794871795 0.055288461538461536
3 0.7467948717948718 0.5240384615384616 0.09615384615384616 0.07211538461538461
3 0.8269230769230769 0.5625 0.10256410256410256 0.08653846153846154
4 0.8942307692307693 0.5432692307692307 0.0641025641025641 0.04326923076923077
4 0.8846153846153846 0.5841346153846154 0.08012820512820513 0.07211538461538461
4 0.9551282051282052 0.6201923076923077 0.08333333333333333 0.06971153846153846
4 0.9358974358974359 0.6490384615384616 0.0641025641025641 0.05048076923076923
5 0.7596153846153846 0.6466346153846154 0.05448717948717949 0.0673076923076923
3 0.7115384615384616 0.5793269230769231 0.11217948717948718 0.0673076923076923
3 0.6987179487179487 0.6466346153846154 0.10576923076923077 0.10336538461538461
3 0.5993589743589743 0.6201923076923077 0.09935897435897435 0.09615384615384616
4 0.7435897435897436 0.7163461538461539 0.09935897435897435 0.07451923076923077
4 0.7884615384615384 0.7067307692307693 0.057692307692307696 0.0673076923076923
4 0.8108974358974359 0.7668269230769231 0.08012820512820513 0.07451923076923077
4 0.8365384615384616 0.75 0.060897435897435896 0.06490384615384616
3 0.8397435897435898 0.6129807692307693 0.038461538461538464 0.028846153846153848
4 0.6442307692307693 0.71875 0.0673076923076923 0.07451923076923077
4 0.5512820512820513 0.7163461538461539 0.10897435897435898 0.07692307692307693
4 0.5512820512820513 0.6442307692307693 0.10897435897435898 0.09615384615384616
3 0.5 0.6225961538461539 0.09615384615384616 0.10096153846153846
4 0.5576923076923077 0.78125 0.08653846153846154 0.07692307692307693
4 0.3525641025641026 0.6394230769230769 0.09294871794871795 0.07932692307692307
4 0.4423076923076923 0.6850961538461539 0.10576923076923077 0.08653846153846154
4 0.4391025641025641 0.7548076923076923 0.09294871794871795 0.07692307692307693
4 0.483974358974359 0.8269230769230769 0.08333333333333333 0.0889423076923077
4 0.8974358974358975 0.6201923076923077 0.03205128205128205 0.036057692307692304
3 0.8814102564102564 0.6322115384615384 0.028846153846153848 0.019230769230769232
3 0.8974358974358975 0.6514423076923077 0.022435897435897436 0.02403846153846154
4 0.875 0.6490384615384616 0.02564102564102564 0.02403846153846154