4 0.266025641025641 0.7932692307692307 0.10897435897435898 0.0889423076923077
5 0.33974358974358976 0.6009615384615384 0.1282051282051282 0.0985576923076923
3 0.2403846153846154 0.5456730769230769 0.13141025641025642 0.10576923076923077
5 0.20512820512820512 0.5192307692307693 0.08653846153846154 0.07211538461538461
5 0.6955128205128205 0.5240384615384616 0.14423076923076922 0.0985576923076923
5 0.5673076923076923 0.4735576923076923 0.10576923076923077 0.08653846153846154
4 0.8269230769230769 0.5889423076923077 0.14423076923076922 0.0985576923076923
4 0.5512820512820513 0.5600961538461539 0.10576923076923077 0.07932692307692307
4 0.4935897435897436 0.5456730769230769 0.0673076923076923 0.0625
4 0.5576923076923077 0.5985576923076923 0.08012820512820513 0.036057692307692304
4 0.4807692307692308 0.4735576923076923 0.08012820512820513 0.0673076923076923
5 0.6089743589743589 0.43509615384615385 0.10897435897435898 0.07932692307692307
5 0.5128205128205128 0.37740384615384615 0.10576923076923077 0.08173076923076923
3 0.5288461538461539 0.3004807692307692 0.10256410256410256 0.07451923076923077
3 0.6314102564102564 0.34134615384615385 0.125 0.09615384615384616
5 0.6987179487179487 0.3125 0.07371794871794872 0.07211538461538461
5 0.7852564102564102 0.28365384615384615 0.14423076923076922 0.09615384615384616
5 0.7980769230769231 0.34134615384615385 0.08653846153846154 0.052884615384615384