4 0.9743589743589743 0.8341346153846154 0.04807692307692308 0.08413461538461539
3 0.5160256410256411 0.47596153846153844 0.11538461538461539 0.08413461538461539
5 0.5096153846153846 0.5552884615384616 0.10897435897435898 0.08173076923076923
4 0.4358974358974359 0.5913461538461539 0.08974358974358974 0.0673076923076923
3 0.3333333333333333 0.03245192307692308 0.08974358974358974 0.06490384615384616
5 0.30448717948717946 0.057692307692307696 0.07051282051282051 0.055288461538461536
4 0.38782051282051283 0.20192307692307693 0.057692307692307696 0.038461538461538464
4 0.32051282051282054 0.18509615384615385 0.057692307692307696 0.02403846153846154
4 0.358974358974359 0.23798076923076922 0.04807692307692308 0.028846153846153848
4 0.34294871794871795 0.21394230769230768 0.04807692307692308 0.028846153846153848
4 0.10897435897435898 0.32211538461538464 0.05128205128205128 0.038461538461538464