4 0.08653846153846154 0.03365384615384615 0.13782051282051283 0.0673076923076923
4 0.3108974358974359 0.15625 0.08974358974358974 0.06971153846153846
4 0.5192307692307693 0.06009615384615385 0.035256410256410256 0.02403846153846154
3 0.33974358974358976 0.5673076923076923 0.0673076923076923 0.04567307692307692
5 0.4358974358974359 0.6538461538461539 0.0641025641025641 0.05048076923076923
5 0.4391025641025641 0.6177884615384616 0.060897435897435896 0.03365384615384615
5 0.5224358974358975 0.5961538461538461 0.04807692307692308 0.040865384615384616
5 0.5480769230769231 0.6826923076923077 0.08653846153846154 0.07211538461538461
4 0.483974358974359 0.59375 0.03205128205128205 0.028846153846153848
4 0.5160256410256411 0.6610576923076923 0.0641025641025641 0.057692307692307696
4 0.49038461538461536 0.6394230769230769 0.04807692307692308 0.040865384615384616
4 0.5865384615384616 0.7043269230769231 0.0641025641025641 0.04326923076923077
3 0.6730769230769231 0.3269230769230769 0.05448717948717949 0.040865384615384616
4 0.6698717948717948 0.2956730769230769 0.04487179487179487 0.03365384615384615
5 0.7051282051282052 0.4014423076923077 0.08333333333333333 0.057692307692307696
5 0.592948717948718 0.4230769230769231 0.07371794871794872 0.055288461538461536
4 0.6506410256410257 0.4519230769230769 0.060897435897435896 0.05048076923076923
4 0.6923076923076923 0.49759615384615385 0.060897435897435896 0.04807692307692308
5 0.9230769230769231 0.07692307692307693 0.08333333333333333 0.06490384615384616
4 0.9647435897435898 0.18990384615384615 0.0673076923076923 0.052884615384615384
4 0.9134615384615384 0.1778846153846154 0.05448717948717949 0.04807692307692308
5 0.9839743589743589 0.13701923076923078 0.02564102564102564 0.055288461538461536
3 0.8974358974358975 0.3245192307692308 0.04807692307692308 0.036057692307692304
4 0.8525641025641025 0.36538461538461536 0.04487179487179487 0.03125
5 0.8173076923076923 0.34375 0.041666666666666664 0.03365384615384615
4 0.8044871794871795 0.27403846153846156 0.04487179487179487 0.028846153846153848
4 0.6666666666666666 0.10336538461538461 0.035256410256410256 0.03125
4 0.7788461538461539 0.10817307692307693 0.04807692307692308 0.03365384615384615
4 0.6698717948717948 0.19471153846153846 0.03205128205128205 0.026442307692307692
4 0.8814102564102564 0.3485576923076923 0.038461538461538464 0.026442307692307692
4 0.09935897435897435 0.15144230769230768 0.038461538461538464 0.028846153846153848
4 0.15705128205128205 0.17307692307692307 0.041666666666666664 0.026442307692307692
3 0.016025641025641024 0.8317307692307693 0.03205128205128205 0.040865384615384616
5 0.038461538461538464 0.9543269230769231 0.057692307692307696 0.04567307692307692
4 0.041666666666666664 0.7980769230769231 0.04487179487179487 0.03365384615384615