5 0.6282051282051282 0.41346153846153844 0.15384615384615385 0.13942307692307693
4 0.5 0.43509615384615385 0.09935897435897435 0.06009615384615385
4 0.34294871794871795 0.35096153846153844 0.12179487179487179 0.11538461538461539
4 0.483974358974359 0.4807692307692308 0.1282051282051282 0.12259615384615384
4 0.6891025641025641 0.5432692307692307 0.1282051282051282 0.12259615384615384
4 0.3269230769230769 0.49278846153846156 0.11217948717948718 0.0985576923076923
4 0.2948717948717949 0.5625 0.09294871794871795 0.09134615384615384
4 0.44551282051282054 0.5432692307692307 0.0673076923076923 0.07451923076923077
4 0.5192307692307693 0.5889423076923077 0.10897435897435898 0.10817307692307693
4 0.7019230769230769 0.625 0.11538461538461539 0.09615384615384616
4 0.7115384615384616 0.6947115384615384 0.08333333333333333 0.04567307692307692
4 0.6153846153846154 0.6899038461538461 0.08333333333333333 0.07932692307692307
4 0.40705128205128205 0.5961538461538461 0.07692307692307693 0.06490384615384616
4 0.3974358974358974 0.6490384615384616 0.0673076923076923 0.0673076923076923
4 0.266025641025641 0.6225961538461539 0.08653846153846154 0.07692307692307693
4 0.3333333333333333 0.6899038461538461 0.0673076923076923 0.06971153846153846
4 0.5256410256410257 0.8798076923076923 0.035256410256410256 0.03365384615384615
3 0.4967948717948718 0.84375 0.041666666666666664 0.038461538461538464
3 0.532051282051282 0.8485576923076923 0.038461538461538464 0.03365384615384615
5 0.5544871794871795 0.8221153846153846 0.035256410256410256 0.03365384615384615