4 0.9583333333333334 0.11538461538461539 0.07371794871794872 0.12740384615384615
4 0.9711538461538461 0.41586538461538464 0.05128205128205128 0.08653846153846154
4 0.8653846153846154 0.23557692307692307 0.08653846153846154 0.06490384615384616
4 0.8012820512820513 0.36778846153846156 0.10256410256410256 0.07451923076923077
4 0.6442307692307693 0.5985576923076923 0.28846153846153844 0.21634615384615385
5 0.48717948717948717 0.39663461538461536 0.19230769230769232 0.1346153846153846
4 0.27564102564102566 0.7524038461538461 0.14743589743589744 0.1201923076923077
3 0.10576923076923077 0.4230769230769231 0.21153846153846154 0.16826923076923078
4 0.18269230769230768 0.5216346153846154 0.14743589743589744 0.10336538461538461
4 0.08333333333333333 0.5697115384615384 0.16346153846153846 0.13942307692307693
4 0.07852564102564102 0.9711538461538461 0.15705128205128205 0.052884615384615384
4 0.0641025641025641 0.8629807692307693 0.11217948717948718 0.10336538461538461
4 0.4358974358974359 0.5240384615384616 0.09615384615384616 0.07692307692307693