3 0.9551282051282052 0.11778846153846154 0.08012820512820513 0.15384615384615385
4 0.8044871794871795 0.09615384615384616 0.1858974358974359 0.15384615384615385
3 0.5128205128205128 0.34375 0.10576923076923077 0.07451923076923077
3 0.3557692307692308 0.40384615384615385 0.10576923076923077 0.07451923076923077
3 0.25 0.43028846153846156 0.09294871794871795 0.06971153846153846
3 0.28846153846153844 0.4543269230769231 0.12179487179487179 0.09375
3 0.20192307692307693 0.5240384615384616 0.16346153846153846 0.10096153846153846
3 0.2467948717948718 0.5793269230769231 0.1762820512820513 0.13701923076923078
3 0.3974358974358974 0.49759615384615385 0.1346153846153846 0.10336538461538461
3 0.5288461538461539 0.49278846153846156 0.125 0.10096153846153846
4 0.10256410256410256 0.4951923076923077 0.1282051282051282 0.0889423076923077
4 0.1794871794871795 0.6274038461538461 0.10576923076923077 0.07692307692307693
4 0.3173076923076923 0.6682692307692307 0.15384615384615385 0.10576923076923077
4 0.42628205128205127 0.7139423076923077 0.1346153846153846 0.0889423076923077
4 0.4230769230769231 0.8149038461538461 0.14102564102564102 0.11538461538461539
4 0.5512820512820513 0.75 0.1346153846153846 0.10576923076923077
4 0.6121794871794872 0.7764423076923077 0.11858974358974358 0.09134615384615384
4 0.7628205128205128 0.6875 0.10897435897435898 0.07932692307692307
4 0.6891025641025641 0.6610576923076923 0.10256410256410256 0.08413461538461539
4 0.5480769230769231 0.6298076923076923 0.125 0.09615384615384616
5 0.592948717948718 0.5552884615384616 0.11858974358974358 0.07932692307692307
4 0.5801282051282052 0.8653846153846154 0.10256410256410256 0.10096153846153846
5 0.42948717948717946 0.4543269230769231 0.08653846153846154 0.06971153846153846
4 0.5544871794871795 0.42788461538461536 0.08012820512820513 0.06009615384615385
4 0.4807692307692308 0.8581730769230769 0.10897435897435898 0.07451923076923077
4 0.5 0.8966346153846154 0.07371794871794872 0.055288461538461536
4 0.7115384615384616 0.875 0.02564102564102564 0.016826923076923076