1 0.5769230769230769 0.31009615384615385 0.28205128205128205 0.23798076923076922
1 0.7884615384615384 0.40625 0.2467948717948718 0.17067307692307693
2 0.9358974358974359 0.4230769230769231 0.07371794871794872 0.057692307692307696
1 0.44551282051282054 0.42788461538461536 0.08653846153846154 0.0673076923076923
0 0.15384615384615385 0.7932692307692307 0.10256410256410256 0.0673076923076923
0 0.13782051282051283 0.75 0.041666666666666664 0.038461538461538464
2 0.1858974358974359 0.7475961538461539 0.08012820512820513 0.036057692307692304
1 0.30128205128205127 0.7427884615384616 0.15705128205128205 0.11298076923076923
1 0.3685897435897436 0.6394230769230769 0.15384615384615385 0.11778846153846154
1 0.1891025641025641 0.6634615384615384 0.20833333333333334 0.15384615384615385
1 0.21794871794871795 0.1201923076923077 0.05128205128205128 0.038461538461538464
1 0.2564102564102564 0.125 0.038461538461538464 0.038461538461538464
1 0.09615384615384616 0.14423076923076922 0.05128205128205128 0.04567307692307692