5 0.3076923076923077 0.4495192307692308 0.23076923076923078 0.15625
3 0.4230769230769231 0.4326923076923077 0.12179487179487179 0.12980769230769232
4 0.3108974358974359 0.625 0.1858974358974359 0.11778846153846154
4 0.36538461538461536 0.7427884615384616 0.15064102564102563 0.12259615384615384
4 0.4358974358974359 0.6923076923076923 0.08974358974358974 0.0889423076923077
4 0.49038461538461536 0.5889423076923077 0.13782051282051283 0.08653846153846154
4 0.5192307692307693 0.6394230769230769 0.16666666666666666 0.12740384615384615
4 0.6346153846153846 0.6754807692307693 0.13782051282051283 0.11057692307692307
4 0.6442307692307693 0.5432692307692307 0.11538461538461539 0.09375
4 0.717948717948718 0.4951923076923077 0.17307692307692307 0.11778846153846154
4 0.6826923076923077 0.3701923076923077 0.1794871794871795 0.14423076923076922