3 0.4358974358974359 0.2980769230769231 0.15705128205128205 0.12740384615384615
4 0.04807692307692308 0.3605769230769231 0.09294871794871795 0.06971153846153846
5 0.5160256410256411 0.4326923076923077 0.13141025641025642 0.10336538461538461
4 0.020833333333333332 0.4230769230769231 0.041666666666666664 0.057692307692307696
5 0.3173076923076923 0.45913461538461536 0.17307692307692307 0.12980769230769232
3 0.4326923076923077 0.5408653846153846 0.09294871794871795 0.06971153846153846
5 0.38782051282051283 0.5793269230769231 0.0641025641025641 0.052884615384615384
4 0.6217948717948718 0.5745192307692307 0.13782051282051283 0.11057692307692307
4 0.483974358974359 0.5793269230769231 0.14102564102564102 0.11298076923076923
4 0.5224358974358975 0.6538461538461539 0.13782051282051283 0.10096153846153846
4 0.6121794871794872 0.7091346153846154 0.11217948717948718 0.08413461538461539
4 0.4166666666666667 0.65625 0.07692307692307693 0.0625
4 0.532051282051282 0.7259615384615384 0.08012820512820513 0.0625
4 0.33974358974358976 0.6923076923076923 0.07051282051282051 0.055288461538461536
4 0.3782051282051282 0.7211538461538461 0.05448717948717949 0.036057692307692304
4 0.44871794871794873 0.7283653846153846 0.05448717948717949 0.038461538461538464
4 0.38782051282051283 0.7475961538461539 0.0673076923076923 0.052884615384615384
4 0.44551282051282054 0.8004807692307693 0.13782051282051283 0.10817307692307693
4 0.5544871794871795 0.8149038461538461 0.10897435897435898 0.09134615384615384