2 0.4551282051282051 0.22596153846153846 0.05448717948717949 0.04567307692307692
1 0.7051282051282052 0.20673076923076922 0.18269230769230768 0.12740384615384615
1 0.5833333333333334 0.24278846153846154 0.10256410256410256 0.125
1 0.4935897435897436 0.31971153846153844 0.1987179487179487 0.16105769230769232
1 0.6923076923076923 0.3293269230769231 0.1987179487179487 0.13701923076923078
1 0.8044871794871795 0.2548076923076923 0.15064102564102563 0.14182692307692307
2 0.907051282051282 0.23317307692307693 0.18269230769230768 0.13942307692307693
2 0.09294871794871795 0.9230769230769231 0.08012820512820513 0.0625
2 0.15384615384615385 0.9447115384615384 0.08012820512820513 0.06490384615384616
2 0.32371794871794873 0.8365384615384616 0.1891025641025641 0.15625
0 0.42628205128205127 0.7475961538461539 0.14102564102564102 0.11298076923076923
2 0.782051282051282 0.7307692307692307 0.16666666666666666 0.11538461538461539