3 0.10256410256410256 0.25961538461538464 0.05128205128205128 0.038461538461538464
3 0.01282051282051282 0.2668269230769231 0.02564102564102564 0.036057692307692304
5 0.060897435897435896 0.30528846153846156 0.04487179487179487 0.028846153846153848
3 0.022435897435897436 0.37259615384615385 0.04487179487179487 0.036057692307692304
5 0.15384615384615385 0.31490384615384615 0.041666666666666664 0.03125
4 0.1891025641025641 0.34134615384615385 0.016025641025641024 0.014423076923076924
4 0.16346153846153846 0.34134615384615385 0.035256410256410256 0.026442307692307692
4 0.12179487179487179 0.3605769230769231 0.03205128205128205 0.021634615384615384
4 0.041666666666666664 0.39663461538461536 0.041666666666666664 0.028846153846153848
4 0.022435897435897436 0.41586538461538464 0.041666666666666664 0.028846153846153848
4 0.05128205128205128 0.4326923076923077 0.03205128205128205 0.021634615384615384
4 0.028846153846153848 0.46634615384615385 0.038461538461538464 0.02403846153846154
5 0.7564102564102564 0.6514423076923077 0.0641025641025641 0.04567307692307692
5 0.7307692307692307 0.5480769230769231 0.060897435897435896 0.036057692307692304
5 0.7083333333333334 0.6418269230769231 0.04487179487179487 0.038461538461538464
5 0.7211538461538461 0.6875 0.05448717948717949 0.040865384615384616
4 0.6826923076923077 0.6923076923076923 0.041666666666666664 0.038461538461538464
4 0.7403846153846154 0.7283653846153846 0.04487179487179487 0.02403846153846154
4 0.717948717948718 0.7596153846153846 0.04807692307692308 0.02403846153846154
4 0.6730769230769231 0.7524038461538461 0.038461538461538464 0.03125
4 0.8173076923076923 0.7740384615384616 0.041666666666666664 0.019230769230769232
4 0.8974358974358975 0.9399038461538461 0.03205128205128205 0.038461538461538464
3 0.8717948717948718 0.9350961538461539 0.04807692307692308 0.040865384615384616
4 0.8333333333333334 0.9110576923076923 0.04487179487179487 0.036057692307692304
4 0.8173076923076923 0.8870192307692307 0.041666666666666664 0.026442307692307692
4 0.7948717948717948 0.9110576923076923 0.041666666666666664 0.036057692307692304
4 0.7948717948717948 0.9783653846153846 0.04487179487179487 0.038461538461538464
4 0.5096153846153846 0.8269230769230769 0.04487179487179487 0.03365384615384615
5 0.532051282051282 0.8028846153846154 0.04807692307692308 0.040865384615384616
5 0.5192307692307693 0.7668269230769231 0.05128205128205128 0.04567307692307692
5 0.46153846153846156 0.8317307692307693 0.05448717948717949 0.04326923076923077
4 0.4519230769230769 0.8629807692307693 0.04807692307692308 0.038461538461538464
3 0.27564102564102566 0.8028846153846154 0.03205128205128205 0.028846153846153848
3 0.2692307692307692 0.75 0.03205128205128205 0.026442307692307692
3 0.27564102564102566 0.7644230769230769 0.028846153846153848 0.021634615384615384
5 0.25 0.8245192307692307 0.035256410256410256 0.026442307692307692
5 0.22435897435897437 0.7644230769230769 0.03205128205128205 0.02403846153846154
5 0.2564102564102564 0.7067307692307693 0.035256410256410256 0.02403846153846154
4 0.3333333333333333 0.7716346153846154 0.03205128205128205 0.02403846153846154
4 0.3076923076923077 0.7764423076923077 0.03205128205128205 0.02403846153846154
4 0.24358974358974358 0.8052884615384616 0.028846153846153848 0.019230769230769232