5 0.33974358974358976 0.2091346153846154 0.20512820512820512 0.13221153846153846
5 0.23076923076923078 0.4110576923076923 0.16987179487179488 0.13942307692307693
5 0.48717948717948717 0.27403846153846156 0.17307692307692307 0.13942307692307693
5 0.5096153846153846 0.41346153846153844 0.16666666666666666 0.14182692307692307
5 0.47115384615384615 0.4543269230769231 0.13141025641025642 0.11538461538461539
5 0.23076923076923078 0.5192307692307693 0.14743589743589744 0.10817307692307693
5 0.2724358974358974 0.6225961538461539 0.11858974358974358 0.09375
5 0.5737179487179487 0.5216346153846154 0.14423076923076922 0.12259615384615384
4 0.5576923076923077 0.6057692307692307 0.10576923076923077 0.09134615384615384
5 0.4551282051282051 0.6033653846153846 0.125 0.10576923076923077
4 0.4326923076923077 0.6971153846153846 0.09294871794871795 0.0673076923076923
4 0.28205128205128205 0.6778846153846154 0.09935897435897435 0.07211538461538461
5 0.7115384615384616 0.2644230769230769 0.1858974358974359 0.13701923076923078
5 0.7307692307692307 0.38461538461538464 0.16346153846153846 0.11778846153846154
5 0.7403846153846154 0.49278846153846156 0.14102564102564102 0.11057692307692307
4 0.782051282051282 0.5889423076923077 0.11538461538461539 0.09375
4 0.7147435897435898 0.6418269230769231 0.08974358974358974 0.07211538461538461
4 0.8237179487179487 0.6947115384615384 0.07692307692307693 0.07451923076923077
4 0.7756410256410257 0.6730769230769231 0.0641025641025641 0.052884615384615384