4 0.4326923076923077 0.6778846153846154 0.038461538461538464 0.03125
4 0.41346153846153844 0.6706730769230769 0.04487179487179487 0.03365384615384615
4 0.34935897435897434 0.6586538461538461 0.05128205128205128 0.040865384615384616
4 0.2980769230769231 0.6947115384615384 0.05128205128205128 0.03125
4 0.34615384615384615 0.7043269230769231 0.04807692307692308 0.040865384615384616
4 0.2948717948717949 0.7235576923076923 0.05128205128205128 0.040865384615384616
4 0.36538461538461536 0.7091346153846154 0.041666666666666664 0.03125
4 0.3141025641025641 0.7451923076923077 0.041666666666666664 0.03365384615384615
4 0.358974358974359 0.7524038461538461 0.04487179487179487 0.038461538461538464
4 0.3333333333333333 0.7740384615384616 0.041666666666666664 0.028846153846153848
5 0.2564102564102564 0.6754807692307693 0.057692307692307696 0.040865384615384616
4 0.1858974358974359 0.6634615384615384 0.05128205128205128 0.036057692307692304
3 0.23076923076923078 0.6394230769230769 0.0641025641025641 0.05048076923076923
3 0.20512820512820512 0.6201923076923077 0.0641025641025641 0.04326923076923077
5 0.15705128205128205 0.6057692307692307 0.05448717948717949 0.040865384615384616
3 0.28525641025641024 0.6033653846153846 0.057692307692307696 0.04326923076923077
5 0.23397435897435898 0.5841346153846154 0.057692307692307696 0.040865384615384616
3 0.21474358974358973 0.5697115384615384 0.05128205128205128 0.03365384615384615
3 0.266025641025641 0.5552884615384616 0.05128205128205128 0.038461538461538464
5 0.30128205128205127 0.5769230769230769 0.04487179487179487 0.03125
3 0.34294871794871795 0.6009615384615384 0.05128205128205128 0.04326923076923077
5 0.375 0.6274038461538461 0.05128205128205128 0.038461538461538464
4 0.36538461538461536 0.5625 0.038461538461538464 0.03125
3 0.33974358974358976 0.5240384615384616 0.04807692307692308 0.03365384615384615
4 0.5096153846153846 0.5889423076923077 0.04487179487179487 0.03365384615384615
5 0.47115384615384615 0.5336538461538461 0.05128205128205128 0.036057692307692304
3 0.47115384615384615 0.4951923076923077 0.05448717948717949 0.040865384615384616
4 0.40064102564102566 0.5 0.04807692307692308 0.038461538461538464
3 0.5673076923076923 0.5192307692307693 0.057692307692307696 0.040865384615384616
3 0.7243589743589743 0.5048076923076923 0.05448717948717949 0.040865384615384616
3 0.14743589743589744 0.4423076923076923 0.02564102564102564 0.014423076923076924
5 0.1282051282051282 0.4254807692307692 0.022435897435897436 0.01201923076923077
5 0.09294871794871795 0.43509615384615385 0.019230769230769232 0.016826923076923076
4 0.14102564102564102 0.27163461538461536 0.028846153846153848 0.021634615384615384
4 0.08333333333333333 0.25240384615384615 0.035256410256410256 0.026442307692307692
4 0.1346153846153846 0.2980769230769231 0.02564102564102564 0.016826923076923076
4 0.18269230769230768 0.2692307692307692 0.022435897435897436 0.021634615384615384
4 0.05128205128205128 0.25961538461538464 0.03205128205128205 0.026442307692307692
4 0.13141025641025642 0.2283653846153846 0.035256410256410256 0.026442307692307692
4 0.17307692307692307 0.21394230769230768 0.035256410256410256 0.026442307692307692
4 0.07692307692307693 0.19471153846153846 0.04487179487179487 0.03125
4 0.0641025641025641 0.20432692307692307 0.035256410256410256 0.028846153846153848
5 0.125 0.1658653846153846 0.041666666666666664 0.03365384615384615
5 0.15384615384615385 0.13942307692307693 0.041666666666666664 0.03365384615384615
3 0.07051282051282051 0.1346153846153846 0.041666666666666664 0.028846153846153848
5 0.09615384615384616 0.10336538461538461 0.035256410256410256 0.026442307692307692
4 0.16987179487179488 0.23317307692307693 0.03205128205128205 0.019230769230769232
4 0.4166666666666667 0.4807692307692308 0.028846153846153848 0.028846153846153848
4 0.02564102564102564 0.21394230769230768 0.019230769230769232 0.014423076923076924
4 0.02564102564102564 0.23798076923076922 0.022435897435897436 0.014423076923076924
4 0.0673076923076923 0.3269230769230769 0.016025641025641024 0.01201923076923077
4 0.041666666666666664 0.3605769230769231 0.019230769230769232 0.01201923076923077
4 0.08653846153846154 0.41586538461538464 0.016025641025641024 0.01201923076923077