1 0.027243589743589744 0.11899038461538461 0.05448717948717949 0.08413461538461539
1 0.09294871794871795 0.3269230769230769 0.09294871794871795 0.06490384615384616
1 0.13782051282051283 0.3557692307692308 0.09294871794871795 0.05048076923076923
1 0.0641025641025641 0.44711538461538464 0.08653846153846154 0.052884615384615384
0 0.15064102564102563 0.5072115384615384 0.08012820512820513 0.055288461538461536
1 0.13141025641025642 0.5649038461538461 0.07692307692307693 0.057692307692307696
2 0.21474358974358973 0.5096153846153846 0.05128205128205128 0.04326923076923077
0 0.1794871794871795 0.5504807692307693 0.09935897435897435 0.07692307692307693
2 0.13782051282051283 0.6153846153846154 0.05448717948717949 0.038461538461538464
1 0.13782051282051283 0.6466346153846154 0.04807692307692308 0.03125
2 0.17307692307692307 0.6514423076923077 0.04807692307692308 0.038461538461538464
2 0.36538461538461536 0.8317307692307693 0.10256410256410256 0.07932692307692307
2 0.2948717948717949 0.7740384615384616 0.09935897435897435 0.08413461538461539
2 0.391025641025641 0.7475961538461539 0.12179487179487179 0.0889423076923077
2 0.3108974358974359 0.6514423076923077 0.20192307692307693 0.1466346153846154
1 0.4775641025641026 0.6105769230769231 0.17307692307692307 0.1346153846153846
1 0.44551282051282054 0.2644230769230769 0.10897435897435898 0.07932692307692307
1 0.532051282051282 0.3269230769230769 0.21794871794871795 0.16826923076923078
1 0.7115384615384616 0.2956730769230769 0.20833333333333334 0.14423076923076922
2 0.5256410256410257 0.021634615384615384 0.08012820512820513 0.04326923076923077