3 0.3525641025641026 0.5096153846153846 0.19230769230769232 0.1466346153846154
5 0.15384615384615385 0.5192307692307693 0.125 0.09375
4 0.23717948717948717 0.43028846153846156 0.07051282051282051 0.0625
4 0.28205128205128205 0.5673076923076923 0.10256410256410256 0.08173076923076923
4 0.2948717948717949 0.6706730769230769 0.16666666666666666 0.12980769230769232
4 0.07371794871794872 0.625 0.1282051282051282 0.0985576923076923
4 0.10576923076923077 0.7139423076923077 0.13141025641025642 0.10336538461538461
4 0.30128205128205127 0.7548076923076923 0.13141025641025642 0.07932692307692307
4 0.3974358974358974 0.8076923076923077 0.1762820512820513 0.125
4 0.30448717948717946 0.875 0.1282051282051282 0.10336538461538461
5 0.4198717948717949 0.5649038461538461 0.10897435897435898 0.09134615384615384
4 0.3717948717948718 0.4206730769230769 0.10256410256410256 0.055288461538461536
4 0.46794871794871795 0.3581730769230769 0.10576923076923077 0.07932692307692307
5 0.46153846153846156 0.4951923076923077 0.060897435897435896 0.06971153846153846
5 0.6698717948717948 0.43028846153846156 0.11217948717948718 0.07932692307692307
4 0.5256410256410257 0.40865384615384615 0.07692307692307693 0.057692307692307696
4 0.6730769230769231 0.47836538461538464 0.08333333333333333 0.05048076923076923
5 0.7339743589743589 0.5360576923076923 0.14743589743589744 0.10576923076923077
4 0.6987179487179487 0.5745192307692307 0.11858974358974358 0.08653846153846154
4 0.7532051282051282 0.84375 0.09294871794871795 0.06009615384615385
4 0.4198717948717949 0.9855769230769231 0.125 0.026442307692307692