1 0.5064102564102564 0.125 0.1762820512820513 0.13942307692307693
1 0.5673076923076923 0.21634615384615385 0.125 0.10336538461538461
1 0.3557692307692308 0.1466346153846154 0.08653846153846154 0.07932692307692307
1 0.28525641025641024 0.13221153846153846 0.09935897435897435 0.07932692307692307
1 0.23397435897435898 0.5576923076923077 0.1282051282051282 0.09615384615384616
1 0.02403846153846154 0.5661057692307693 0.04807692307692308 0.05048076923076923
2 0.6442307692307693 0.65625 0.22435897435897437 0.16346153846153846
2 0.4423076923076923 0.6778846153846154 0.19230769230769232 0.14182692307692307
0 0.5705128205128205 0.7980769230769231 0.21474358974358973 0.16105769230769232
1 0.3782051282051282 0.8149038461538461 0.1858974358974359 0.15144230769230768
1 0.14423076923076922 0.8365384615384616 0.0673076923076923 0.04807692307692308
2 0.16346153846153846 0.8173076923076923 0.0641025641025641 0.038461538461538464