4 0.4967948717948718 0.2548076923076923 0.1794871794871795 0.15144230769230768
4 0.8076923076923077 0.4879807692307692 0.14102564102564102 0.10336538461538461
4 0.6153846153846154 0.43509615384615385 0.14423076923076922 0.10576923076923077
4 0.3717948717948718 0.4423076923076923 0.1762820512820513 0.13701923076923078
4 0.38461538461538464 0.5528846153846154 0.1282051282051282 0.09615384615384616
4 0.5288461538461539 0.5745192307692307 0.13141025641025642 0.0985576923076923
5 0.03685897435897436 0.6009615384615384 0.07371794871794872 0.08653846153846154
4 0.0673076923076923 0.6081730769230769 0.057692307692307696 0.0673076923076923
4 0.08974358974358974 0.6682692307692307 0.09935897435897435 0.07211538461538461
4 0.041666666666666664 0.7379807692307693 0.08333333333333333 0.07211538461538461
4 0.09294871794871795 0.7307692307692307 0.038461538461538464 0.055288461538461536
4 0.3814102564102564 0.6514423076923077 0.125 0.09375
4 0.23717948717948717 0.65625 0.11217948717948718 0.08653846153846154
4 0.21794871794871795 0.7139423076923077 0.0673076923076923 0.04567307692307692
4 0.32371794871794873 0.7283653846153846 0.08974358974358974 0.07211538461538461
4 0.4358974358974359 0.7307692307692307 0.13141025641025642 0.10096153846153846
4 0.6185897435897436 0.6947115384615384 0.11538461538461539 0.08173076923076923
4 0.7147435897435898 0.7283653846153846 0.09294871794871795 0.07211538461538461
4 0.5544871794871795 0.7668269230769231 0.08974358974358974 0.06971153846153846
4 0.6506410256410257 0.7956730769230769 0.038461538461538464 0.03365384615384615