3 0.4775641025641026 0.13701923076923078 0.27884615384615385 0.22355769230769232
3 0.5256410256410257 0.3125 0.21474358974358973 0.16346153846153846
5 0.6762820512820513 0.3798076923076923 0.1987179487179487 0.13942307692307693
3 0.3814102564102564 0.4495192307692308 0.17307692307692307 0.13221153846153846
3 0.30128205128205127 0.5649038461538461 0.1987179487179487 0.14423076923076922
3 0.49038461538461536 0.5456730769230769 0.17307692307692307 0.1346153846153846
3 0.6474358974358975 0.6394230769230769 0.21474358974358973 0.15384615384615385
5 0.49038461538461536 0.6730769230769231 0.1346153846153846 0.12259615384615384
4 0.3333333333333333 0.7596153846153846 0.13141025641025642 0.11778846153846154
4 0.4423076923076923 0.78125 0.1794871794871795 0.14423076923076922
4 0.592948717948718 0.7307692307692307 0.15384615384615385 0.11538461538461539
4 0.6185897435897436 0.8293269230769231 0.15384615384615385 0.11298076923076923
4 0.38782051282051283 0.8629807692307693 0.11858974358974358 0.08653846153846154
4 0.4935897435897436 0.8533653846153846 0.11217948717948718 0.0889423076923077