5 0.5032051282051282 0.03365384615384615 0.13782051282051283 0.0673076923076923
4 0.6810897435897436 0.04447115384615385 0.11217948717948718 0.0889423076923077
4 0.5961538461538461 0.10336538461538461 0.10256410256410256 0.08413461538461539
4 0.6602564102564102 0.12740384615384615 0.09615384615384616 0.08173076923076923
4 0.6955128205128205 0.21875 0.08012820512820513 0.06009615384615385
3 0.5897435897435898 0.2548076923076923 0.14423076923076922 0.14423076923076922
4 0.6730769230769231 0.3004807692307692 0.057692307692307696 0.04807692307692308
5 0.3717948717948718 0.38461538461538464 0.14423076923076922 0.11298076923076923
4 0.33653846153846156 0.47115384615384615 0.15384615384615385 0.12259615384615384
4 0.3301282051282051 0.5384615384615384 0.13141025641025642 0.07211538461538461
3 0.2467948717948718 0.5913461538461539 0.11217948717948718 0.08653846153846154
5 0.16346153846153846 0.5817307692307693 0.08653846153846154 0.06971153846153846
5 0.18269230769230768 0.6466346153846154 0.10256410256410256 0.07692307692307693
4 0.2692307692307692 0.7307692307692307 0.060897435897435896 0.0625
4 0.36538461538461536 0.6322115384615384 0.13782051282051283 0.11057692307692307
4 0.41346153846153844 0.6105769230769231 0.09294871794871795 0.07692307692307693
4 0.4230769230769231 0.7259615384615384 0.11217948717948718 0.10096153846153846
4 0.44551282051282054 0.7475961538461539 0.08974358974358974 0.07211538461538461
4 0.483974358974359 0.7884615384615384 0.04487179487179487 0.036057692307692304
4 0.483974358974359 0.6586538461538461 0.09615384615384616 0.08653846153846154
4 0.5673076923076923 0.6466346153846154 0.11858974358974358 0.0985576923076923
5 0.6474358974358975 0.6201923076923077 0.10256410256410256 0.06971153846153846
4 0.6089743589743589 0.6875 0.05128205128205128 0.036057692307692304
4 0.6538461538461539 0.6875 0.05128205128205128 0.06009615384615385
5 0.7243589743589743 0.6875 0.10576923076923077 0.08173076923076923
5 0.7724358974358975 0.6153846153846154 0.10576923076923077 0.08413461538461539
4 0.657051282051282 0.5408653846153846 0.14102564102564102 0.10576923076923077
4 0.5480769230769231 0.5576923076923077 0.11217948717948718 0.08413461538461539