5 0.6346153846153846 0.2932692307692308 0.23076923076923078 0.18990384615384615
3 0.4230769230769231 0.43990384615384615 0.17307692307692307 0.11778846153846154
4 0.3108974358974359 0.6370192307692307 0.1762820512820513 0.13701923076923078
4 0.3557692307692308 0.5817307692307693 0.125 0.0889423076923077
4 0.5 0.6081730769230769 0.13782051282051283 0.12740384615384615
4 0.46474358974358976 0.7115384615384616 0.04807692307692308 0.07692307692307693
4 0.38461538461538464 0.7235576923076923 0.15384615384615385 0.12980769230769232
4 0.6121794871794872 0.6394230769230769 0.16346153846153846 0.12259615384615384
4 0.5608974358974359 0.7572115384615384 0.1282051282051282 0.11057692307692307
4 0.6826923076923077 0.9086538461538461 0.16346153846153846 0.14182692307692307
4 0.6217948717948718 0.9471153846153846 0.125 0.10096153846153846
4 0.6794871794871795 0.8245192307692307 0.12179487179487179 0.0673076923076923