3 0.5673076923076923 0.5192307692307693 0.1891025641025641 0.13701923076923078
3 0.4198717948717949 0.6754807692307693 0.16025641025641027 0.18028846153846154
3 0.4775641025641026 0.6706730769230769 0.19230769230769232 0.13701923076923078
3 0.5641025641025641 0.6923076923076923 0.15064102564102563 0.14423076923076922
4 0.5673076923076923 0.8100961538461539 0.15064102564102563 0.11057692307692307
5 0.44871794871794873 0.8509615384615384 0.1762820512820513 0.1466346153846154
3 0.060897435897435896 0.7596153846153846 0.05448717948717949 0.036057692307692304
3 0.04487179487179487 0.8052884615384616 0.05128205128205128 0.040865384615384616
3 0.022435897435897436 0.8125 0.041666666666666664 0.040865384615384616
5 0.019230769230769232 0.7740384615384616 0.038461538461538464 0.03125
4 0.7788461538461539 0.0673076923076923 0.08012820512820513 0.06490384615384616
4 0.7532051282051282 0.13701923076923078 0.057692307692307696 0.040865384615384616