5 0.6346153846153846 0.7427884615384616 0.1891025641025641 0.1466346153846154
4 0.5769230769230769 0.6610576923076923 0.14423076923076922 0.10096153846153846
3 0.7532051282051282 0.5697115384615384 0.20512820512820512 0.15384615384615385
3 0.6217948717948718 0.5504807692307693 0.13141025641025642 0.1201923076923077
3 0.4775641025641026 0.5480769230769231 0.18269230769230768 0.12259615384615384
5 0.25 0.5913461538461539 0.20512820512820512 0.15144230769230768
3 0.2724358974358974 0.4375 0.21153846153846154 0.14903846153846154
5 0.30128205128205127 0.2980769230769231 0.125 0.09615384615384616
3 0.5352564102564102 0.4326923076923077 0.16025641025641027 0.1346153846153846
3 0.6474358974358975 0.41346153846153844 0.17307692307692307 0.13942307692307693
4 0.34615384615384615 0.37740384615384615 0.08653846153846154 0.07451923076923077