2 0.3125 0.12179487179487179 0.11298076923076923 0.14423076923076922
2 0.24278846153846154 0.15705128205128205 0.10817307692307693 0.13782051282051283
1 0.6057692307692307 0.28205128205128205 0.08173076923076923 0.09615384615384616
1 0.5841346153846154 0.23076923076923078 0.036057692307692304 0.038461538461538464
1 0.625 0.04807692307692308 0.06009615384615385 0.09615384615384616
1 0.5793269230769231 0.0673076923076923 0.03365384615384615 0.0673076923076923
0 0.22596153846153846 0.3942307692307692 0.07451923076923077 0.09294871794871795
2 0.23076923076923078 0.4775641025641026 0.08173076923076923 0.10576923076923077
2 0.28125 0.46794871794871795 0.055288461538461536 0.0673076923076923
1 0.2932692307692308 0.532051282051282 0.0673076923076923 0.08333333333333333
0 0.7019230769230769 0.8525641025641025 0.1346153846153846 0.17307692307692307
2 0.5985576923076923 0.7948717948717948 0.11057692307692307 0.16025641025641027
1 0.7716346153846154 0.8301282051282052 0.07692307692307693 0.16987179487179488
1 0.6995192307692307 0.7467948717948718 0.0985576923076923 0.07692307692307693