4 0.3717948717948718 0.42788461538461536 0.11858974358974358 0.0889423076923077
5 0.16666666666666666 0.4375 0.14423076923076922 0.09375
4 0.2532051282051282 0.5528846153846154 0.11858974358974358 0.08413461538461539
3 0.5416666666666666 0.7115384615384616 0.08653846153846154 0.057692307692307696
4 0.32371794871794873 0.6009615384615384 0.09615384615384616 0.07211538461538461
4 0.3974358974358974 0.6105769230769231 0.05128205128205128 0.040865384615384616
4 0.4358974358974359 0.5721153846153846 0.07371794871794872 0.052884615384615384
5 0.44871794871794873 0.5024038461538461 0.035256410256410256 0.026442307692307692
4 0.9615384615384616 0.6274038461538461 0.07051282051282051 0.057692307692307696
3 0.625 0.7067307692307693 0.08012820512820513 0.052884615384615384
4 0.5865384615384616 0.7379807692307693 0.041666666666666664 0.03365384615384615
4 0.5288461538461539 0.7572115384615384 0.07692307692307693 0.05048076923076923
4 0.7564102564102564 0.6634615384615384 0.04487179487179487 0.036057692307692304
5 0.7467948717948718 0.7139423076923077 0.09294871794871795 0.07692307692307693
4 0.8269230769230769 0.71875 0.060897435897435896 0.04807692307692308
4 0.7756410256410257 0.7908653846153846 0.0641025641025641 0.052884615384615384
4 0.9391025641025641 0.7692307692307693 0.11538461538461539 0.0889423076923077