3 0.9807692307692307 0.6033653846153846 0.028846153846153848 0.07211538461538461
3 0.23717948717948717 0.25240384615384615 0.14423076923076922 0.12740384615384615
5 0.3814102564102564 0.3870192307692308 0.13141025641025642 0.09615384615384616
5 0.30448717948717946 0.43990384615384615 0.11858974358974358 0.0889423076923077
5 0.4775641025641026 0.4375 0.10256410256410256 0.08653846153846154
4 0.41346153846153844 0.46634615384615385 0.10576923076923077 0.0673076923076923
4 0.5801282051282052 0.4326923076923077 0.1282051282051282 0.09375
4 0.1282051282051282 0.4735576923076923 0.13782051282051283 0.10576923076923077
4 0.391025641025641 0.5216346153846154 0.09615384615384616 0.07692307692307693
4 0.5416666666666666 0.5216346153846154 0.10256410256410256 0.06971153846153846
4 0.7852564102564102 0.5216346153846154 0.09935897435897435 0.07932692307692307
4 0.7980769230769231 0.5649038461538461 0.04487179487179487 0.040865384615384616
4 0.5641025641025641 0.5841346153846154 0.10897435897435898 0.08653846153846154
4 0.6730769230769231 0.6346153846153846 0.10256410256410256 0.0889423076923077
4 0.5961538461538461 0.6682692307692307 0.08974358974358974 0.08173076923076923
4 0.5512820512820513 0.7403846153846154 0.07371794871794872 0.0673076923076923
4 0.3974358974358974 0.6057692307692307 0.08974358974358974 0.07692307692307693
4 0.4583333333333333 0.6658653846153846 0.09615384615384616 0.08173076923076923
4 0.30448717948717946 0.5865384615384616 0.09935897435897435 0.08653846153846154
4 0.27884615384615385 0.6490384615384616 0.12179487179487179 0.09134615384615384
4 0.09935897435897435 0.6682692307692307 0.125 0.08653846153846154