4 0.9198717948717948 0.1778846153846154 0.08333333333333333 0.057692307692307696
4 0.9519230769230769 0.2668269230769231 0.08653846153846154 0.0625
4 0.9775641025641025 0.32211538461538464 0.038461538461538464 0.055288461538461536
3 0.266025641025641 0.18990384615384615 0.09294871794871795 0.08413461538461539
5 0.375 0.23798076923076922 0.10897435897435898 0.0889423076923077
4 0.2564102564102564 0.27403846153846156 0.10256410256410256 0.07932692307692307
4 0.2916666666666667 0.34134615384615385 0.08333333333333333 0.06490384615384616
4 0.28846153846153844 0.4014423076923077 0.08653846153846154 0.06009615384615385
4 0.34935897435897434 0.4519230769230769 0.07051282051282051 0.052884615384615384
4 0.28205128205128205 0.46634615384615385 0.07051282051282051 0.04807692307692308
4 0.33974358974358976 0.5 0.057692307692307696 0.04326923076923077
4 0.3141025641025641 0.5144230769230769 0.038461538461538464 0.028846153846153848
4 0.9775641025641025 0.6057692307692307 0.035256410256410256 0.028846153846153848
3 0.1282051282051282 0.6298076923076923 0.07371794871794872 0.052884615384615384
5 0.09615384615384616 0.6730769230769231 0.08012820512820513 0.06009615384615385
3 0.44871794871794873 0.6754807692307693 0.08333333333333333 0.06009615384615385
3 0.5192307692307693 0.7211538461538461 0.09935897435897435 0.07932692307692307
4 0.5961538461538461 0.8076923076923077 0.0641025641025641 0.052884615384615384
4 0.6634615384615384 0.8076923076923077 0.0673076923076923 0.05048076923076923
5 0.6442307692307693 0.8389423076923077 0.0673076923076923 0.052884615384615384
3 0.5673076923076923 0.84375 0.08333333333333333 0.07211538461538461