3 0.9711538461538461 0.9038461538461539 0.05448717948717949 0.0985576923076923
3 0.9230769230769231 0.7740384615384616 0.12179487179487179 0.0889423076923077
4 0.8814102564102564 0.9663461538461539 0.09935897435897435 0.06490384615384616
5 0.7884615384615384 0.8870192307692307 0.10576923076923077 0.08653846153846154
4 0.7596153846153846 0.9182692307692307 0.08974358974358974 0.06490384615384616
4 0.8108974358974359 0.9831730769230769 0.060897435897435896 0.026442307692307692
4 0.7307692307692307 0.9783653846153846 0.07371794871794872 0.038461538461538464
3 0.5705128205128205 0.34375 0.22756410256410256 0.16346153846153846
3 0.6442307692307693 0.1875 0.28205128205128205 0.22115384615384615
3 0.2980769230769231 0.4807692307692308 0.21794871794871795 0.15865384615384615
4 0.657051282051282 0.8004807692307693 0.11858974358974358 0.0985576923076923
4 0.5288461538461539 0.8389423076923077 0.13141025641025642 0.10817307692307693
4 0.4935897435897436 0.6586538461538461 0.15705128205128205 0.12259615384615384
4 0.4326923076923077 0.7644230769230769 0.15384615384615385 0.12259615384615384
4 0.40064102564102566 0.84375 0.10897435897435898 0.0673076923076923
4 0.3269230769230769 0.8004807692307693 0.10897435897435898 0.055288461538461536
4 0.3141025641025641 0.7307692307692307 0.1282051282051282 0.10336538461538461
3 0.17307692307692307 0.8822115384615384 0.08653846153846154 0.0673076923076923
5 0.1891025641025641 0.9471153846153846 0.08974358974358974 0.07451923076923077
3 0.375 0.8774038461538461 0.0673076923076923 0.05048076923076923
3 0.26282051282051283 0.8918269230769231 0.07692307692307693 0.057692307692307696
3 0.27564102564102566 0.8533653846153846 0.07051282051282051 0.055288461538461536
4 0.060897435897435896 0.8149038461538461 0.057692307692307696 0.040865384615384616
4 0.028846153846153848 0.7692307692307693 0.05448717948717949 0.04807692307692308
5 0.34935897435897434 0.9423076923076923 0.07371794871794872 0.0625