1 0.6089743589743589 0.12740384615384615 0.20192307692307693 0.15865384615384615
1 0.7275641025641025 0.038461538461538464 0.16987179487179488 0.07451923076923077
1 0.2403846153846154 0.2091346153846154 0.04487179487179487 0.03125
1 0.21474358974358973 0.2403846153846154 0.07692307692307693 0.057692307692307696
1 0.16025641025641027 0.1971153846153846 0.04807692307692308 0.036057692307692304
1 0.14423076923076922 0.22115384615384615 0.07371794871794872 0.04807692307692308
1 0.27884615384615385 0.46634615384615385 0.057692307692307696 0.036057692307692304
1 0.2724358974358974 0.49759615384615385 0.07051282051282051 0.0673076923076923
0 0.4807692307692308 0.7980769230769231 0.13782051282051283 0.1466346153846154
2 0.3717948717948718 0.8413461538461539 0.16346153846153846 0.1466346153846154
1 0.34294871794871795 0.9447115384615384 0.19230769230769232 0.10576923076923077
0 0.8141025641025641 0.9831730769230769 0.07692307692307693 0.028846153846153848
1 0.967948717948718 0.7019230769230769 0.05448717948717949 0.06490384615384616
2 0.8974358974358975 0.6778846153846154 0.08333333333333333 0.06009615384615385
2 0.8814102564102564 0.7091346153846154 0.07051282051282051 0.04807692307692308