3 0.03685897435897436 0.3786057692307692 0.07371794871794872 0.10336538461538461
3 0.44551282051282054 0.2860576923076923 0.2532051282051282 0.1971153846153846
3 0.3108974358974359 0.34375 0.1891025641025641 0.15144230769230768
3 0.1794871794871795 0.42788461538461536 0.15064102564102563 0.10336538461538461
3 0.5993589743589743 0.4110576923076923 0.17307692307692307 0.14182692307692307
4 0.18269230769230768 0.5 0.09294871794871795 0.04567307692307692
3 0.6987179487179487 0.4519230769230769 0.125 0.09615384615384616
5 0.7596153846153846 0.5336538461538461 0.1346153846153846 0.09134615384615384
3 0.48717948717948717 0.5144230769230769 0.20192307692307693 0.14903846153846154
5 0.6089743589743589 0.5649038461538461 0.13141025641025642 0.0985576923076923
4 0.7788461538461539 0.6298076923076923 0.0673076923076923 0.06971153846153846
4 0.04487179487179487 0.5456730769230769 0.05448717948717949 0.03125
4 0.1762820512820513 0.5528846153846154 0.08974358974358974 0.055288461538461536
4 0.23717948717948717 0.5697115384615384 0.09294871794871795 0.0625
5 0.32371794871794873 0.5 0.14743589743589744 0.1201923076923077
5 0.42628205128205127 0.59375 0.16346153846153846 0.11298076923076923
4 0.717948717948718 0.6394230769230769 0.125 0.0985576923076923
4 0.6346153846153846 0.6418269230769231 0.09615384615384616 0.08413461538461539
5 0.6858974358974359 0.53125 0.08012820512820513 0.07692307692307693
4 0.6826923076923077 0.7259615384615384 0.060897435897435896 0.07211538461538461
4 0.7339743589743589 0.7403846153846154 0.1282051282051282 0.09375
4 0.7147435897435898 0.8221153846153846 0.11538461538461539 0.08653846153846154
3 0.22115384615384615 0.8461538461538461 0.08333333333333333 0.06490384615384616
3 0.16987179487179488 0.8894230769230769 0.09615384615384616 0.07211538461538461
3 0.0673076923076923 0.9447115384615384 0.10897435897435898 0.0889423076923077
4 0.16987179487179488 0.9759615384615384 0.08974358974358974 0.04567307692307692