3 0.07692307692307693 0.22355769230769232 0.0641025641025641 0.04807692307692308
5 0.07692307692307693 0.27163461538461536 0.0641025641025641 0.04567307692307692
4 0.0673076923076923 0.32211538461538464 0.05448717948717949 0.04567307692307692
4 0.375 0.2764423076923077 0.1282051282051282 0.12740384615384615
4 0.592948717948718 0.43028846153846156 0.125 0.0889423076923077
4 0.30448717948717946 0.3894230769230769 0.16987179487179488 0.12980769230769232
4 0.5352564102564102 0.5240384615384616 0.1762820512820513 0.13942307692307693
4 0.375 0.5504807692307693 0.125 0.09615384615384616
4 0.5 0.6081730769230769 0.10576923076923077 0.07932692307692307
4 0.6314102564102564 0.6923076923076923 0.11538461538461539 0.09134615384615384
4 0.4967948717948718 0.7019230769230769 0.125 0.10096153846153846
4 0.03365384615384615 0.8028846153846154 0.0673076923076923 0.0673076923076923
4 0.10897435897435898 0.8413461538461539 0.09294871794871795 0.07211538461538461
4 0.028846153846153848 0.9278846153846154 0.057692307692307696 0.09375