1 0.9294871794871795 0.13221153846153846 0.07051282051282051 0.06009615384615385
1 0.6025641025641025 0.40384615384615385 0.14423076923076922 0.0985576923076923
1 0.7243589743589743 0.4326923076923077 0.10256410256410256 0.07451923076923077
1 0.6666666666666666 0.46634615384615385 0.15384615384615385 0.11298076923076923
2 0.5641025641025641 0.5216346153846154 0.20512820512820512 0.15384615384615385
2 0.42948717948717946 0.6177884615384616 0.1955128205128205 0.16346153846153846
1 0.5865384615384616 0.6610576923076923 0.16666666666666666 0.12980769230769232
0 0.7980769230769231 0.8149038461538461 0.14102564102564102 0.11538461538461539
0 0.028846153846153848 0.8221153846153846 0.057692307692307696 0.10817307692307693
1 0.33653846153846156 0.7524038461538461 0.08653846153846154 0.0625
0 0.34294871794871795 0.8245192307692307 0.09935897435897435 0.07932692307692307
0 0.2724358974358974 0.8028846153846154 0.12179487179487179 0.08653846153846154