1 0.03205128205128205 0.1778846153846154 0.0641025641025641 0.04326923076923077
1 0.07051282051282051 0.21875 0.038461538461538464 0.02403846153846154
1 0.25961538461538464 0.18269230769230768 0.17307692307692307 0.12980769230769232
1 0.27564102564102566 0.27403846153846156 0.16987179487179488 0.10817307692307693
1 0.375 0.24759615384615385 0.11538461538461539 0.07692307692307693
1 0.4358974358974359 0.3004807692307692 0.1282051282051282 0.08653846153846154
1 0.20192307692307693 0.8197115384615384 0.125 0.11057692307692307
1 0.7980769230769231 0.7620192307692307 0.23076923076923078 0.17307692307692307
1 0.5769230769230769 0.7379807692307693 0.21153846153846154 0.15144230769230768
1 0.6794871794871795 0.8485576923076923 0.21794871794871795 0.14423076923076922
1 0.009615384615384616 0.7596153846153846 0.019230769230769232 0.036057692307692304