1 0.38782051282051283 0.6586538461538461 0.3685897435897436 0.30288461538461536
1 0.358974358974359 0.8413461538461539 0.13782051282051283 0.11057692307692307
1 0.5160256410256411 0.4879807692307692 0.25961538461538464 0.1875
1 0.6378205128205128 0.6586538461538461 0.25961538461538464 0.1971153846153846
2 0.20833333333333334 0.5745192307692307 0.07051282051282051 0.06009615384615385
2 0.15384615384615385 0.5600961538461539 0.07051282051282051 0.052884615384615384
1 0.12179487179487179 0.24519230769230768 0.11858974358974358 0.08653846153846154
2 0.041666666666666664 0.21394230769230768 0.08333333333333333 0.08173076923076923
1 0.1282051282051282 0.16105769230769232 0.15705128205128205 0.10336538461538461
1 0.08012820512820513 0.09375 0.0641025641025641 0.057692307692307696
2 0.12179487179487179 0.3485576923076923 0.057692307692307696 0.036057692307692304
1 0.017628205128205128 0.3485576923076923 0.035256410256410256 0.038461538461538464