4 0.2467948717948718 0.056490384615384616 0.19230769230769232 0.11298076923076923
4 0.07692307692307693 0.0673076923076923 0.13141025641025642 0.12980769230769232
4 0.657051282051282 0.07211538461538461 0.15064102564102563 0.14423076923076922
4 0.5224358974358975 0.17548076923076922 0.09935897435897435 0.09375
3 0.4326923076923077 0.2403846153846154 0.16987179487179488 0.13701923076923078
3 0.6442307692307693 0.21875 0.1891025641025641 0.14423076923076922
3 0.6858974358974359 0.35096153846153844 0.16025641025641027 0.14182692307692307
4 0.4935897435897436 0.4519230769230769 0.125 0.08173076923076923
5 0.5673076923076923 0.49759615384615385 0.1762820512820513 0.13701923076923078
4 0.6442307692307693 0.5192307692307693 0.125 0.11057692307692307
3 0.717948717948718 0.5600961538461539 0.07692307692307693 0.06490384615384616
3 0.6891025641025641 0.6081730769230769 0.060897435897435896 0.06009615384615385
4 0.5993589743589743 0.6129807692307693 0.14743589743589744 0.0985576923076923
3 0.7692307692307693 0.6466346153846154 0.08974358974358974 0.07932692307692307
3 0.6923076923076923 0.65625 0.12179487179487179 0.08173076923076923
4 0.5480769230769231 0.6875 0.1346153846153846 0.10096153846153846
4 0.42948717948717946 0.6490384615384616 0.14423076923076922 0.1201923076923077
4 0.3301282051282051 0.7235576923076923 0.13782051282051283 0.10576923076923077
4 0.3108974358974359 0.7932692307692307 0.10256410256410256 0.0625
4 0.41346153846153844 0.7644230769230769 0.11217948717948718 0.08173076923076923
4 0.3942307692307692 0.8100961538461539 0.08653846153846154 0.05048076923076923
4 0.6057692307692307 0.7596153846153846 0.11217948717948718 0.09134615384615384
3 0.5512820512820513 0.7932692307692307 0.05128205128205128 0.04326923076923077
4 0.5737179487179487 0.8125 0.04487179487179487 0.026442307692307692
4 0.6602564102564102 0.75 0.05128205128205128 0.0673076923076923
4 0.6794871794871795 0.8341346153846154 0.08012820512820513 0.07211538461538461
3 0.6794871794871795 0.7403846153846154 0.028846153846153848 0.03365384615384615
3 0.7019230769230769 0.7884615384615384 0.057692307692307696 0.04567307692307692
4 0.7307692307692307 0.7235576923076923 0.08012820512820513 0.0625
3 0.7724358974358975 0.7692307692307693 0.09935897435897435 0.07692307692307693
4 0.7724358974358975 0.8004807692307693 0.08974358974358974 0.036057692307692304
5 0.8205128205128205 0.9807692307692307 0.0641025641025641 0.03365384615384615
3 0.6314102564102564 0.4254807692307692 0.02564102564102564 0.03125
3 0.6891025641025641 0.4519230769230769 0.019230769230769232 0.038461538461538464
3 0.4423076923076923 0.41586538461538464 0.035256410256410256 0.02403846153846154