3 0.19230769230769232 0.7115384615384616 0.041666666666666664 0.028846153846153848
4 0.21474358974358973 0.7355769230769231 0.035256410256410256 0.028846153846153848
4 0.25961538461538464 0.7067307692307693 0.057692307692307696 0.05048076923076923
4 0.32051282051282054 0.7067307692307693 0.0641025641025641 0.055288461538461536
4 0.3557692307692308 0.6658653846153846 0.07371794871794872 0.055288461538461536
4 0.2403846153846154 0.6658653846153846 0.07692307692307693 0.04807692307692308
4 0.2564102564102564 0.6129807692307693 0.08653846153846154 0.057692307692307696
4 0.391025641025641 0.5961538461538461 0.08012820512820513 0.057692307692307696
3 0.27884615384615385 0.5456730769230769 0.08974358974358974 0.06490384615384616
3 0.40705128205128205 0.5120192307692307 0.08012820512820513 0.06009615384615385
4 0.6987179487179487 0.8365384615384616 0.09615384615384616 0.07932692307692307
4 0.7788461538461539 0.7860576923076923 0.11217948717948718 0.09375
4 0.6378205128205128 0.7716346153846154 0.09935897435897435 0.08173076923076923
4 0.7788461538461539 0.7283653846153846 0.04807692307692308 0.028846153846153848
4 0.5993589743589743 0.6875 0.09935897435897435 0.07211538461538461
4 0.7724358974358975 0.6538461538461539 0.15064102564102563 0.12259615384615384
4 0.5801282051282052 0.59375 0.1346153846153846 0.0985576923076923
4 0.5096153846153846 0.5625 0.08333333333333333 0.06490384615384616
4 0.842948717948718 0.5528846153846154 0.14743589743589744 0.10576923076923077
4 0.8846153846153846 0.4110576923076923 0.22756410256410256 0.15144230769230768
4 0.5673076923076923 0.4543269230769231 0.17307692307692307 0.1201923076923077
4 0.6602564102564102 0.27884615384615385 0.1762820512820513 0.14903846153846154
4 0.26282051282051283 0.28365384615384615 0.041666666666666664 0.028846153846153848
4 0.2564102564102564 0.24759615384615385 0.041666666666666664 0.036057692307692304
4 0.2724358974358974 0.20432692307692307 0.035256410256410256 0.040865384615384616
4 0.25961538461538464 0.19230769230769232 0.05128205128205128 0.040865384615384616
4 0.2724358974358974 0.15384615384615385 0.04807692307692308 0.04807692307692308
4 0.2403846153846154 0.10817307692307693 0.060897435897435896 0.04807692307692308
4 0.358974358974359 0.17548076923076922 0.04487179487179487 0.04326923076923077
4 0.375 0.23557692307692307 0.04487179487179487 0.03125
4 0.33974358974358976 0.2620192307692308 0.038461538461538464 0.028846153846153848
4 0.38461538461538464 0.2668269230769231 0.041666666666666664 0.028846153846153848
4 0.3942307692307692 0.2980769230769231 0.022435897435897436 0.019230769230769232
4 0.375 0.31009615384615385 0.03205128205128205 0.02403846153846154
4 0.33653846153846156 0.21875 0.041666666666666664 0.036057692307692304
4 0.27564102564102566 0.24759615384615385 0.016025641025641024 0.02403846153846154
4 0.5416666666666666 0.625 0.07371794871794872 0.055288461538461536
4 0.8173076923076923 0.5168269230769231 0.1891025641025641 0.09134615384615384
4 0.7339743589743589 0.4879807692307692 0.13141025641025642 0.09615384615384616
4 0.32051282051282054 0.31490384615384615 0.02564102564102564 0.028846153846153848
4 0.22756410256410256 0.49759615384615385 0.02564102564102564 0.021634615384615384
5 0.26282051282051283 0.47596153846153844 0.022435897435897436 0.019230769230769232
3 0.33974358974358976 0.46634615384615385 0.022435897435897436 0.016826923076923076
4 0.8493589743589743 0.6586538461538461 0.038461538461538464 0.052884615384615384
4 0.9294871794871795 0.5072115384615384 0.057692307692307696 0.06971153846153846