5 0.6442307692307693 0.14182692307692307 0.21153846153846154 0.18028846153846154
4 0.5 0.18990384615384615 0.1794871794871795 0.14903846153846154
4 0.6698717948717948 0.2668269230769231 0.16346153846153846 0.1201923076923077
4 0.6089743589743589 0.35336538461538464 0.060897435897435896 0.04567307692307692
4 0.6025641025641025 0.43028846153846156 0.1282051282051282 0.10096153846153846
3 0.49038461538461536 0.43990384615384615 0.125 0.0985576923076923
4 0.38782051282051283 0.46153846153846156 0.10576923076923077 0.08413461538461539
4 0.5352564102564102 0.4855769230769231 0.08012820512820513 0.04567307692307692
4 0.6057692307692307 0.5264423076923077 0.057692307692307696 0.04807692307692308
4 0.47115384615384615 0.5480769230769231 0.09615384615384616 0.08173076923076923
4 0.3525641025641026 0.5192307692307693 0.04487179487179487 0.028846153846153848
4 0.38461538461538464 0.6057692307692307 0.10256410256410256 0.07211538461538461
4 0.49038461538461536 0.6346153846153846 0.09615384615384616 0.07932692307692307
4 0.40064102564102566 0.6514423076923077 0.10576923076923077 0.07932692307692307
4 0.4967948717948718 0.7668269230769231 0.08653846153846154 0.07211538461538461
4 0.4166666666666667 0.7331730769230769 0.09935897435897435 0.07932692307692307
3 0.33653846153846156 0.7379807692307693 0.07692307692307693 0.06971153846153846
3 0.3557692307692308 0.7860576923076923 0.09615384615384616 0.055288461538461536
5 0.32371794871794873 0.8173076923076923 0.0673076923076923 0.055288461538461536
5 0.36217948717948717 0.8365384615384616 0.057692307692307696 0.05048076923076923
3 0.4198717948717949 0.8485576923076923 0.08974358974358974 0.07692307692307693
5 0.3814102564102564 0.90625 0.08012820512820513 0.06971153846153846
3 0.9102564102564102 0.9711538461538461 0.060897435897435896 0.04807692307692308
3 0.7980769230769231 0.9735576923076923 0.060897435897435896 0.04567307692307692