5 0.6891025641025641 0.08413461538461539 0.2564102564102564 0.1658653846153846
4 0.8044871794871795 0.23317307692307693 0.16346153846153846 0.12980769230769232
4 0.41346153846153844 0.3870192307692308 0.15705128205128205 0.16105769230769232
4 0.6506410256410257 0.4423076923076923 0.14423076923076922 0.10576923076923077
4 0.5833333333333334 0.5 0.11858974358974358 0.07211538461538461
4 0.3782051282051282 0.5384615384615384 0.10576923076923077 0.06009615384615385
4 0.5384615384615384 0.5793269230769231 0.22435897435897437 0.16826923076923078
4 0.3974358974358974 0.6009615384615384 0.15064102564102563 0.12740384615384615
4 0.3173076923076923 0.625 0.04487179487179487 0.04807692307692308
4 0.5352564102564102 0.6947115384615384 0.10897435897435898 0.07692307692307693
4 0.44871794871794873 0.6682692307692307 0.09615384615384616 0.05048076923076923
4 0.34294871794871795 0.6995192307692307 0.05448717948717949 0.038461538461538464
3 0.10256410256410256 0.7067307692307693 0.20512820512820512 0.16826923076923078
4 0.5288461538461539 0.7860576923076923 0.1891025641025641 0.14903846153846154
3 0.9807692307692307 0.7451923076923077 0.035256410256410256 0.09375
3 0.967948717948718 0.7740384615384616 0.057692307692307696 0.09615384615384616
4 0.1282051282051282 0.9278846153846154 0.12179487179487179 0.10817307692307693
4 0.035256410256410256 0.9519230769230769 0.0673076923076923 0.09134615384615384