5 0.8461538461538461 0.22355769230769232 0.28846153846153844 0.18990384615384615
3 0.5576923076923077 0.25721153846153844 0.27564102564102566 0.2091346153846154
4 0.7692307692307693 0.38461538461538464 0.21153846153846154 0.15625
3 0.3173076923076923 0.3918269230769231 0.10256410256410256 0.09134615384615384
3 0.22435897435897437 0.3942307692307692 0.11538461538461539 0.0889423076923077
4 0.5480769230769231 0.4831730769230769 0.1955128205128205 0.13942307692307693
4 0.75 0.5817307692307693 0.19230769230769232 0.13701923076923078
4 0.6730769230769231 0.7403846153846154 0.08974358974358974 0.06971153846153846
4 0.5256410256410257 0.7163461538461539 0.11217948717948718 0.07932692307692307
4 0.4807692307692308 0.6658653846153846 0.14743589743589744 0.10817307692307693
4 0.3685897435897436 0.6514423076923077 0.07371794871794872 0.055288461538461536
4 0.391025641025641 0.5721153846153846 0.0641025641025641 0.0625
4 0.3173076923076923 0.5985576923076923 0.09615384615384616 0.07692307692307693
5 0.3814102564102564 0.47836538461538464 0.09294871794871795 0.07211538461538461
3 0.2403846153846154 0.49038461538461536 0.125 0.09134615384615384
3 0.027243589743589744 0.4375 0.05448717948717949 0.057692307692307696
3 0.03365384615384615 0.38100961538461536 0.0673076923076923 0.055288461538461536