1 0.9391025641025641 0.15144230769230768 0.10256410256410256 0.07932692307692307
1 0.22435897435897437 0.04326923076923077 0.08653846153846154 0.07692307692307693
1 0.15064102564102563 0.07211538461538461 0.11217948717948718 0.07932692307692307
1 0.15064102564102563 0.22115384615384615 0.04807692307692308 0.040865384615384616
1 0.09294871794871795 0.20673076923076922 0.08012820512820513 0.05048076923076923
0 0.21794871794871795 0.3557692307692308 0.08333333333333333 0.057692307692307696
0 0.16666666666666666 0.4110576923076923 0.04807692307692308 0.036057692307692304
0 0.49038461538461536 0.7548076923076923 0.07051282051282051 0.052884615384615384
0 0.6282051282051282 0.5216346153846154 0.11538461538461539 0.07692307692307693
1 0.6794871794871795 0.5625 0.11538461538461539 0.07932692307692307
1 0.657051282051282 0.6346153846153846 0.11217948717948718 0.0673076923076923
1 0.5641025641025641 0.6634615384615384 0.10576923076923077 0.08413461538461539
1 0.47435897435897434 0.6634615384615384 0.09615384615384616 0.07451923076923077
2 0.5801282051282052 0.5865384615384616 0.10256410256410256 0.07692307692307693
2 0.48717948717948717 0.5961538461538461 0.08653846153846154 0.07211538461538461