5 0.34615384615384615 0.6538461538461539 0.23717948717948717 0.17548076923076922
5 0.34935897435897434 0.5264423076923077 0.1858974358974359 0.10817307692307693
5 0.22115384615384615 0.6730769230769231 0.125 0.13701923076923078
5 0.47115384615384615 0.4735576923076923 0.09294871794871795 0.06490384615384616
4 0.15064102564102563 0.7788461538461539 0.15705128205128205 0.10576923076923077
4 0.2948717948717949 0.8605769230769231 0.10576923076923077 0.07692307692307693
4 0.40384615384615385 0.7355769230769231 0.07051282051282051 0.04326923076923077
4 0.42628205128205127 0.8317307692307693 0.13141025641025642 0.10336538461538461
4 0.5 0.9158653846153846 0.08653846153846154 0.0625
3 0.04487179487179487 0.7307692307692307 0.08974358974358974 0.12740384615384615
4 0.6089743589743589 0.8028846153846154 0.11538461538461539 0.04807692307692308
4 0.6089743589743589 0.7307692307692307 0.1794871794871795 0.1346153846153846