4 0.907051282051282 0.04567307692307692 0.0641025641025641 0.055288461538461536
4 0.8942307692307693 0.12259615384615384 0.060897435897435896 0.04567307692307692
4 0.9134615384615384 0.18269230769230768 0.05128205128205128 0.038461538461538464
4 0.9871794871794872 0.12980769230769232 0.019230769230769232 0.04326923076923077
4 0.30128205128205127 0.05048076923076923 0.08012820512820513 0.06971153846153846
4 0.052884615384615384 0.057692307692307696 0.10576923076923077 0.09134615384615384
3 0.6794871794871795 0.35096153846153844 0.0641025641025641 0.05048076923076923
4 0.6378205128205128 0.3581730769230769 0.04807692307692308 0.03365384615384615
4 0.5641025641025641 0.3245192307692308 0.038461538461538464 0.028846153846153848
4 0.5512820512820513 0.3942307692307692 0.03205128205128205 0.026442307692307692
5 0.7564102564102564 0.4495192307692308 0.04487179487179487 0.040865384615384616
4 0.6282051282051282 0.4519230769230769 0.04487179487179487 0.03125
5 0.532051282051282 0.45913461538461536 0.09615384615384616 0.06971153846153846
4 0.40064102564102566 0.41586538461538464 0.08333333333333333 0.06009615384615385
5 0.40064102564102566 0.4855769230769231 0.09294871794871795 0.06971153846153846
5 0.358974358974359 0.4543269230769231 0.05448717948717949 0.04807692307692308
4 0.27564102564102566 0.5480769230769231 0.07692307692307693 0.057692307692307696
5 0.23397435897435898 0.5456730769230769 0.05128205128205128 0.052884615384615384
5 0.375 0.5528846153846154 0.09615384615384616 0.06971153846153846
4 0.2692307692307692 0.59375 0.0673076923076923 0.04326923076923077
4 0.25 0.6394230769230769 0.05128205128205128 0.040865384615384616
4 0.391025641025641 0.5913461538461539 0.08012820512820513 0.052884615384615384
4 0.41025641025641024 0.6201923076923077 0.060897435897435896 0.038461538461538464
4 0.40064102564102566 0.6514423076923077 0.03205128205128205 0.02403846153846154
4 0.3269230769230769 0.65625 0.07051282051282051 0.057692307692307696
4 0.3301282051282051 0.6899038461538461 0.0641025641025641 0.03365384615384615
4 0.5 0.4951923076923077 0.07692307692307693 0.057692307692307696
5 0.5384615384615384 0.6274038461538461 0.09615384615384616 0.07451923076923077
4 0.5032051282051282 0.5673076923076923 0.08012820512820513 0.06009615384615385
4 0.49038461538461536 0.6370192307692307 0.041666666666666664 0.04567307692307692
4 0.48717948717948717 0.6923076923076923 0.08653846153846154 0.06490384615384616
4 0.5160256410256411 0.7307692307692307 0.07371794871794872 0.05048076923076923
4 0.5641025641025641 0.5408653846153846 0.0673076923076923 0.055288461538461536
4 0.6346153846153846 0.5600961538461539 0.08012820512820513 0.06490384615384616
4 0.6314102564102564 0.6225961538461539 0.07371794871794872 0.06009615384615385
4 0.6730769230769231 0.6754807692307693 0.057692307692307696 0.04807692307692308
5 0.6666666666666666 0.5817307692307693 0.07051282051282051 0.055288461538461536
5 0.6314102564102564 0.5024038461538461 0.060897435897435896 0.05048076923076923
4 0.717948717948718 0.4831730769230769 0.038461538461538464 0.026442307692307692