5 0.41025641025641024 0.41586538461538464 0.07371794871794872 0.0673076923076923
5 0.4583333333333333 0.40865384615384615 0.060897435897435896 0.0625
4 0.3525641025641026 0.4423076923076923 0.07371794871794872 0.0625
4 0.32051282051282054 0.37259615384615385 0.07051282051282051 0.0625
4 0.28205128205128205 0.41586538461538464 0.0673076923076923 0.0625
3 0.391025641025641 0.3485576923076923 0.08653846153846154 0.0673076923076923
3 0.47115384615384615 0.3485576923076923 0.07371794871794872 0.06009615384615385
3 0.5160256410256411 0.33653846153846156 0.07371794871794872 0.0673076923076923
3 0.5801282051282052 0.3389423076923077 0.11217948717948718 0.07692307692307693
4 0.5480769230769231 0.41346153846153844 0.07051282051282051 0.06009615384615385
3 0.6634615384615384 0.4879807692307692 0.08012820512820513 0.0625
3 0.7115384615384616 0.5288461538461539 0.08333333333333333 0.06490384615384616
3 0.657051282051282 0.5480769230769231 0.07692307692307693 0.06009615384615385
3 0.5961538461538461 0.5504807692307693 0.0673076923076923 0.055288461538461536
5 0.6378205128205128 0.6009615384615384 0.07371794871794872 0.06009615384615385
5 0.7243589743589743 0.59375 0.08653846153846154 0.0625
3 0.5544871794871795 0.8605769230769231 0.05448717948717949 0.04807692307692308
3 0.5288461538461539 0.8990384615384616 0.04807692307692308 0.04807692307692308
4 0.5801282051282052 0.5841346153846154 0.05448717948717949 0.028846153846153848
5 0.5865384615384616 0.5168269230769231 0.057692307692307696 0.04326923076923077
4 0.46153846153846156 0.47596153846153844 0.057692307692307696 0.05048076923076923