3 0.32051282051282054 0.1346153846153846 0.08333333333333333 0.0673076923076923
5 0.33974358974358976 0.24759615384615385 0.07051282051282051 0.052884615384615384
4 0.24358974358974358 0.23798076923076922 0.08333333333333333 0.05048076923076923
4 0.18269230769230768 0.3894230769230769 0.14423076923076922 0.12980769230769232
4 0.2980769230769231 0.49038461538461536 0.12179487179487179 0.10096153846153846
4 0.21474358974358973 0.45913461538461536 0.12179487179487179 0.0889423076923077
3 0.40384615384615385 0.43509615384615385 0.13141025641025642 0.11778846153846154
3 0.5352564102564102 0.4254807692307692 0.11858974358974358 0.09375
4 0.27884615384615385 0.28125 0.07371794871794872 0.057692307692307696
3 0.4583333333333333 0.5192307692307693 0.125 0.09615384615384616
3 0.5673076923076923 0.5120192307692307 0.10256410256410256 0.0889423076923077
5 0.6858974358974359 0.5384615384615384 0.09615384615384616 0.07932692307692307
4 0.7435897435897436 0.6153846153846154 0.10256410256410256 0.0889423076923077
4 0.6410256410256411 0.5889423076923077 0.10576923076923077 0.09134615384615384
4 0.6858974358974359 0.6466346153846154 0.038461538461538464 0.06971153846153846
4 0.5705128205128205 0.5985576923076923 0.0673076923076923 0.08653846153846154
4 0.6282051282051282 0.6778846153846154 0.10897435897435898 0.10096153846153846
4 0.47435897435897434 0.6081730769230769 0.10576923076923077 0.0889423076923077
4 0.46474358974358976 0.6899038461538461 0.10576923076923077 0.10096153846153846
4 0.5961538461538461 0.8221153846153846 0.10897435897435898 0.0985576923076923
4 0.48717948717948717 0.8173076923076923 0.11538461538461539 0.0985576923076923