1 0.7371794871794872 0.22115384615384615 0.1858974358974359 0.1346153846153846
1 0.6378205128205128 0.1971153846153846 0.09935897435897435 0.07692307692307693
1 0.6410256410256411 0.27403846153846156 0.13141025641025642 0.0985576923076923
2 0.3717948717948718 0.3125 0.09615384615384616 0.057692307692307696
1 0.46794871794871795 0.3701923076923077 0.09615384615384616 0.09375
1 0.358974358974359 0.3605769230769231 0.15064102564102563 0.10336538461538461
1 0.34615384615384615 0.41586538461538464 0.10256410256410256 0.052884615384615384
0 0.11858974358974358 0.8173076923076923 0.07371794871794872 0.055288461538461536
2 0.16666666666666666 0.7620192307692307 0.07692307692307693 0.0625
2 0.22435897435897437 0.6802884615384616 0.10897435897435898 0.07692307692307693
1 0.2724358974358974 0.7163461538461539 0.10256410256410256 0.07211538461538461
2 0.7692307692307693 0.6105769230769231 0.0641025641025641 0.026442307692307692
1 0.8237179487179487 0.6177884615384616 0.05128205128205128 0.028846153846153848