3 0.2467948717948718 0.27884615384615385 0.14423076923076922 0.11057692307692307
3 0.358974358974359 0.3894230769230769 0.1282051282051282 0.09615384615384616
3 0.5192307692307693 0.4375 0.11858974358974358 0.09134615384615384
5 0.6634615384615384 0.4567307692307692 0.1282051282051282 0.09134615384615384
3 0.6538461538461539 0.3605769230769231 0.14423076923076922 0.10576923076923077
5 0.3782051282051282 0.4879807692307692 0.07371794871794872 0.08653846153846154
4 0.23397435897435898 0.3894230769230769 0.125 0.0985576923076923
4 0.1794871794871795 0.47596153846153844 0.10576923076923077 0.09375
4 0.125 0.5576923076923077 0.08012820512820513 0.07692307692307693
4 0.3173076923076923 0.49278846153846156 0.11858974358974358 0.10576923076923077
4 0.19230769230769232 0.6009615384615384 0.057692307692307696 0.06971153846153846
4 0.25961538461538464 0.59375 0.10576923076923077 0.10817307692307693
4 0.358974358974359 0.5817307692307693 0.09615384615384616 0.08413461538461539
4 0.358974358974359 0.6995192307692307 0.08333333333333333 0.06971153846153846
4 0.44551282051282054 0.5985576923076923 0.11217948717948718 0.09134615384615384
4 0.5 0.5024038461538461 0.11538461538461539 0.08653846153846154
4 0.5064102564102564 0.5552884615384616 0.10256410256410256 0.0673076923076923
4 0.6153846153846154 0.5600961538461539 0.10576923076923077 0.08653846153846154
4 0.5897435897435898 0.6634615384615384 0.09615384615384616 0.0985576923076923
4 0.5224358974358975 0.6298076923076923 0.08012820512820513 0.0673076923076923
4 0.49038461538461536 0.6850961538461539 0.09615384615384616 0.09375
4 0.4423076923076923 0.6875 0.04807692307692308 0.08413461538461539
4 0.7852564102564102 0.44471153846153844 0.0673076923076923 0.040865384615384616
4 0.8814102564102564 0.40625 0.15064102564102563 0.11538461538461539
4 0.8076923076923077 0.5432692307692307 0.13782051282051283 0.10336538461538461
4 0.8974358974358975 0.5649038461538461 0.08012820512820513 0.06009615384615385
4 0.8717948717948718 0.6274038461538461 0.13141025641025642 0.10817307692307693
4 0.8974358974358975 0.6875 0.09294871794871795 0.07932692307692307