5 0.41025641025641024 0.34615384615384615 0.14423076923076922 0.1201923076923077
5 0.4775641025641026 0.33413461538461536 0.07051282051282051 0.08413461538461539
5 0.3301282051282051 0.3629807692307692 0.09935897435897435 0.09134615384615384
4 0.49038461538461536 0.4230769230769231 0.09615384615384616 0.08413461538461539
4 0.5448717948717948 0.47115384615384615 0.08333333333333333 0.0673076923076923
4 0.5224358974358975 0.5336538461538461 0.09294871794871795 0.09375
4 0.28846153846153844 0.4879807692307692 0.11538461538461539 0.11298076923076923
4 0.6730769230769231 0.5024038461538461 0.08974358974358974 0.07451923076923077
4 0.6282051282051282 0.5456730769230769 0.038461538461538464 0.05048076923076923
4 0.4166666666666667 0.5769230769230769 0.09935897435897435 0.10336538461538461
4 0.26282051282051283 0.5841346153846154 0.10897435897435898 0.0985576923076923
4 0.4551282051282051 0.6418269230769231 0.07692307692307693 0.07451923076923077
4 0.30128205128205127 0.6466346153846154 0.08653846153846154 0.07692307692307693
4 0.27884615384615385 0.6682692307692307 0.060897435897435896 0.06009615384615385
4 0.23076923076923078 0.7043269230769231 0.0673076923076923 0.06490384615384616
5 0.6378205128205128 0.6057692307692307 0.07371794871794872 0.057692307692307696
4 0.6634615384615384 0.6057692307692307 0.028846153846153848 0.036057692307692304
4 0.7019230769230769 0.5673076923076923 0.07371794871794872 0.0625
4 0.7051282051282052 0.6201923076923077 0.060897435897435896 0.057692307692307696
4 0.44871794871794873 0.7091346153846154 0.0641025641025641 0.0625
4 0.3974358974358974 0.7668269230769231 0.04807692307692308 0.055288461538461536
4 0.375 0.7956730769230769 0.038461538461538464 0.036057692307692304
4 0.3942307692307692 0.8221153846153846 0.041666666666666664 0.036057692307692304
4 0.5769230769230769 0.6826923076923077 0.04487179487179487 0.057692307692307696
5 0.5673076923076923 0.7139423076923077 0.041666666666666664 0.04567307692307692
4 0.5544871794871795 0.7259615384615384 0.038461538461538464 0.036057692307692304
3 0.6185897435897436 0.7211538461538461 0.08012820512820513 0.07932692307692307
4 0.6217948717948718 0.7740384615384616 0.05128205128205128 0.057692307692307696
4 0.6185897435897436 0.8076923076923077 0.035256410256410256 0.05048076923076923
4 0.6378205128205128 0.8293269230769231 0.057692307692307696 0.055288461538461536
5 0.7211538461538461 0.6850961538461539 0.0641025641025641 0.07692307692307693
4 0.717948717948718 0.7355769230769231 0.07051282051282051 0.055288461538461536
4 0.7147435897435898 0.7692307692307693 0.0673076923076923 0.057692307692307696
3 0.7596153846153846 0.6490384615384616 0.05128205128205128 0.04326923076923077
3 0.7916666666666666 0.6346153846153846 0.038461538461538464 0.036057692307692304
5 0.7884615384615384 0.6778846153846154 0.02564102564102564 0.038461538461538464
3 0.40384615384615385 0.6538461538461539 0.028846153846153848 0.021634615384615384
3 0.40384615384615385 0.6730769230769231 0.02564102564102564 0.019230769230769232
5 0.38461538461538464 0.6802884615384616 0.019230769230769232 0.021634615384615384
4 0.375 0.6899038461538461 0.016025641025641024 0.016826923076923076
4 0.40064102564102566 0.6923076923076923 0.022435897435897436 0.016826923076923076
4 0.3814102564102564 0.6875 0.019230769230769232 0.014423076923076924
4 0.375 0.7139423076923077 0.019230769230769232 0.014423076923076924
4 0.3942307692307692 0.7115384615384616 0.009615384615384616 0.01201923076923077
4 0.022435897435897436 0.04326923076923077 0.035256410256410256 0.036057692307692304
4 0.038461538461538464 0.07692307692307693 0.03205128205128205 0.03125
4 0.038461538461538464 0.09615384615384616 0.028846153846153848 0.026442307692307692
4 0.041666666666666664 0.11538461538461539 0.02564102564102564 0.026442307692307692
4 0.09935897435897435 0.09134615384615384 0.028846153846153848 0.028846153846153848
4 0.09294871794871795 0.10336538461538461 0.022435897435897436 0.02403846153846154
4 0.05448717948717949 0.13942307692307693 0.019230769230769232 0.019230769230769232
4 0.09935897435897435 0.1201923076923077 0.022435897435897436 0.021634615384615384
4 0.1987179487179487 0.4735576923076923 0.03205128205128205 0.02403846153846154
4 0.22435897435897437 0.5 0.02564102564102564 0.02403846153846154
4 0.038461538461538464 0.3317307692307692 0.028846153846153848 0.019230769230769232
4 0.038461538461538464 0.3581730769230769 0.02564102564102564 0.019230769230769232
4 0.041666666666666664 0.37740384615384615 0.016025641025641024 0.01201923076923077