5 0.4326923076923077 0.3293269230769231 0.125 0.0985576923076923
4 0.27564102564102566 0.33653846153846156 0.09294871794871795 0.06009615384615385
4 0.27884615384615385 0.5024038461538461 0.05128205128205128 0.036057692307692304
4 0.3942307692307692 0.5 0.09294871794871795 0.07211538461538461
5 0.6506410256410257 0.5144230769230769 0.08653846153846154 0.03365384615384615
3 0.6410256410256411 0.5889423076923077 0.09615384615384616 0.057692307692307696
4 0.625 0.6442307692307693 0.08333333333333333 0.057692307692307696
3 0.7115384615384616 0.8533653846153846 0.038461538461538464 0.03365384615384615
4 0.6955128205128205 0.8677884615384616 0.035256410256410256 0.03125
4 0.3076923076923077 0.7884615384615384 0.028846153846153848 0.026442307692307692
4 0.358974358974359 0.6826923076923077 0.035256410256410256 0.02403846153846154