4 0.6442307692307693 0.4543269230769231 0.10256410256410256 0.07211538461538461
4 0.5256410256410257 0.4375 0.10897435897435898 0.08413461538461539
4 0.5032051282051282 0.5240384615384616 0.09615384615384616 0.06971153846153846
4 0.5897435897435898 0.5841346153846154 0.0641025641025641 0.05048076923076923
4 0.49038461538461536 0.5985576923076923 0.08333333333333333 0.0625
4 0.5865384615384616 0.6418269230769231 0.0673076923076923 0.055288461538461536
4 0.5096153846153846 0.6538461538461539 0.08333333333333333 0.0625
4 0.5224358974358975 0.6995192307692307 0.07051282051282051 0.04807692307692308
4 0.5737179487179487 0.6971153846153846 0.04487179487179487 0.04326923076923077
5 0.46794871794871795 0.7596153846153846 0.03205128205128205 0.02403846153846154
3 0.4358974358974359 0.7644230769230769 0.028846153846153848 0.02403846153846154
3 0.41346153846153844 0.8413461538461539 0.02564102564102564 0.019230769230769232
3 0.42628205128205127 0.8774038461538461 0.028846153846153848 0.016826923076923076
4 0.34935897435897434 0.7163461538461539 0.03205128205128205 0.02403846153846154
4 0.6538461538461539 0.6586538461538461 0.02564102564102564 0.019230769230769232
4 0.6314102564102564 0.6802884615384616 0.022435897435897436 0.014423076923076924
4 0.6217948717948718 0.6778846153846154 0.019230769230769232 0.016826923076923076
4 0.6153846153846154 0.6947115384615384 0.019230769230769232 0.014423076923076924
4 0.6602564102564102 0.6754807692307693 0.022435897435897436 0.016826923076923076
4 0.6698717948717948 0.6899038461538461 0.022435897435897436 0.016826923076923076
4 0.6762820512820513 0.7091346153846154 0.016025641025641024 0.014423076923076924
4 0.6474358974358975 0.7067307692307693 0.016025641025641024 0.01201923076923077
4 0.6666666666666666 0.7235576923076923 0.016025641025641024 0.014423076923076924
4 0.7307692307692307 0.7211538461538461 0.01282051282051282 0.01201923076923077
4 0.7019230769230769 0.7139423076923077 0.016025641025641024 0.01201923076923077
3 0.8269230769230769 0.8701923076923077 0.019230769230769232 0.016826923076923076
4 0.8044871794871795 0.8725961538461539 0.016025641025641024 0.014423076923076924
4 0.782051282051282 0.7259615384615384 0.022435897435897436 0.014423076923076924
5 0.8589743589743589 0.8557692307692307 0.016025641025641024 0.014423076923076924