3 0.47115384615384615 0.14903846153846154 0.24358974358974358 0.21153846153846154
4 0.48717948717948717 0.30288461538461536 0.17307692307692307 0.12740384615384615
4 0.3557692307692308 0.40865384615384615 0.16987179487179488 0.13221153846153846
4 0.4358974358974359 0.4735576923076923 0.1346153846153846 0.10817307692307693
4 0.358974358974359 0.5528846153846154 0.15064102564102563 0.11778846153846154
4 0.5416666666666666 0.8221153846153846 0.08974358974358974 0.07692307692307693
4 0.5705128205128205 0.6995192307692307 0.14102564102564102 0.10817307692307693
4 0.625 0.7572115384615384 0.10897435897435898 0.08653846153846154
5 0.7147435897435898 0.6778846153846154 0.1282051282051282 0.0985576923076923
5 0.7307692307692307 0.5793269230769231 0.13141025641025642 0.0985576923076923
4 0.7243589743589743 0.09134615384615384 0.0673076923076923 0.057692307692307696
3 0.8493589743589743 0.30288461538461536 0.038461538461538464 0.028846153846153848
4 0.7852564102564102 0.04567307692307692 0.07051282051282051 0.06009615384615385
4 0.6955128205128205 0.025240384615384616 0.07692307692307693 0.05048076923076923
4 0.7916666666666666 0.21394230769230768 0.05128205128205128 0.040865384615384616
5 0.6153846153846154 0.9831730769230769 0.04807692307692308 0.03125