4 0.9455128205128205 0.6105769230769231 0.08974358974358974 0.07932692307692307
3 0.8814102564102564 0.3173076923076923 0.1282051282051282 0.0889423076923077
4 0.75 0.49759615384615385 0.11858974358974358 0.07211538461538461
4 0.7852564102564102 0.5745192307692307 0.0673076923076923 0.04807692307692308
3 0.5416666666666666 0.28125 0.13141025641025642 0.0889423076923077
3 0.5512820512820513 0.4423076923076923 0.0641025641025641 0.08653846153846154
4 0.5256410256410257 0.5625 0.10897435897435898 0.07692307692307693
4 0.4358974358974359 0.4375 0.11858974358974358 0.09134615384615384
4 0.3717948717948718 0.5 0.11858974358974358 0.08173076923076923
4 0.34615384615384615 0.5817307692307693 0.10897435897435898 0.09134615384615384
4 0.33974358974358976 0.7403846153846154 0.08333333333333333 0.08173076923076923
4 0.23397435897435898 0.9326923076923077 0.060897435897435896 0.06009615384615385
5 0.14423076923076922 0.9230769230769231 0.0673076923076923 0.06490384615384616