1 0.24358974358974358 0.30288461538461536 0.10897435897435898 0.10336538461538461
1 0.3108974358974359 0.30528846153846156 0.04807692307692308 0.038461538461538464
1 0.2532051282051282 0.3557692307692308 0.0673076923076923 0.028846153846153848
1 0.34294871794871795 0.3557692307692308 0.12179487179487179 0.0889423076923077
1 0.33974358974358976 0.24759615384615385 0.04807692307692308 0.036057692307692304
2 0.38461538461538464 0.4735576923076923 0.0641025641025641 0.055288461538461536
1 0.266025641025641 0.6682692307692307 0.13141025641025642 0.10817307692307693
1 0.14423076923076922 0.6754807692307693 0.11858974358974358 0.0985576923076923
1 0.22435897435897437 0.8100961538461539 0.04807692307692308 0.040865384615384616
2 0.1762820512820513 0.8341346153846154 0.07692307692307693 0.057692307692307696
1 0.391025641025641 0.8822115384615384 0.08974358974358974 0.06009615384615385
1 0.4326923076923077 0.8341346153846154 0.14102564102564102 0.11538461538461539
1 0.4775641025641026 0.7740384615384616 0.11538461538461539 0.08413461538461539
2 0.5576923076923077 0.8245192307692307 0.10256410256410256 0.10096153846153846
2 0.34615384615384615 0.8269230769230769 0.057692307692307696 0.0673076923076923
1 0.6634615384615384 0.3701923076923077 0.16346153846153846 0.15384615384615385
1 0.8141025641025641 0.34615384615384615 0.17307692307692307 0.13701923076923078
1 0.8814102564102564 0.3894230769230769 0.14102564102564102 0.11298076923076923
1 0.6794871794871795 0.46153846153846156 0.07692307692307693 0.036057692307692304
1 0.7852564102564102 0.46153846153846156 0.14743589743589744 0.09615384615384616
1 0.5737179487179487 0.3269230769230769 0.057692307692307696 0.04567307692307692
1 0.5384615384615384 0.3004807692307692 0.05128205128205128 0.040865384615384616