4 0.9038461538461539 0.01201923076923077 0.10256410256410256 0.02403846153846154
4 0.9358974358974359 0.026442307692307692 0.0641025641025641 0.04807692307692308
4 0.969551282051282 0.042067307692307696 0.060897435897435896 0.08413461538461539
4 0.8814102564102564 0.08653846153846154 0.08974358974358974 0.07451923076923077
4 0.8846153846153846 0.16346153846153846 0.0673076923076923 0.04567307692307692
4 0.9807692307692307 0.16346153846153846 0.028846153846153848 0.026442307692307692
4 0.9358974358974359 0.21153846153846154 0.038461538461538464 0.026442307692307692
4 0.8814102564102564 0.22596153846153846 0.04487179487179487 0.03125
4 0.9871794871794872 0.20673076923076922 0.022435897435897436 0.028846153846153848
4 0.9807692307692307 0.2548076923076923 0.028846153846153848 0.026442307692307692
5 0.5448717948717948 0.3004807692307692 0.1346153846153846 0.10576923076923077
5 0.4423076923076923 0.3389423076923077 0.11858974358974358 0.0985576923076923
4 0.6442307692307693 0.36538461538461536 0.11858974358974358 0.08653846153846154
4 0.5096153846153846 0.40865384615384615 0.14102564102564102 0.11057692307692307
4 0.4519230769230769 0.4375 0.057692307692307696 0.0673076923076923
4 0.6025641025641025 0.4519230769230769 0.08653846153846154 0.07211538461538461
4 0.5288461538461539 0.5168269230769231 0.14102564102564102 0.10336538461538461
3 0.3557692307692308 0.71875 0.11217948717948718 0.0889423076923077
5 0.46474358974358976 0.7788461538461539 0.10897435897435898 0.10336538461538461
4 0.3333333333333333 0.8100961538461539 0.11538461538461539 0.09134615384615384
4 0.3717948717948718 0.8581730769230769 0.09294871794871795 0.07932692307692307
4 0.375 0.9110576923076923 0.07692307692307693 0.040865384615384616
4 0.36217948717948717 0.9471153846153846 0.10256410256410256 0.08653846153846154
4 0.4358974358974359 0.96875 0.08012820512820513 0.057692307692307696