4 0.9647435897435898 0.07932692307692307 0.0641025641025641 0.0673076923076923
5 0.8878205128205128 0.057692307692307696 0.10256410256410256 0.08173076923076923
4 0.9134615384615384 0.18028846153846154 0.08974358974358974 0.06490384615384616
4 0.9455128205128205 0.2620192307692308 0.07051282051282051 0.04807692307692308
4 0.9551282051282052 0.31490384615384615 0.057692307692307696 0.038461538461538464
4 0.7564102564102564 0.17307692307692307 0.08333333333333333 0.06490384615384616
4 0.7307692307692307 0.07451923076923077 0.08653846153846154 0.0673076923076923
4 0.6506410256410257 0.12259615384615384 0.07051282051282051 0.06009615384615385
4 0.6794871794871795 0.2283653846153846 0.07371794871794872 0.055288461538461536
4 0.592948717948718 0.18990384615384615 0.057692307692307696 0.04567307692307692
5 0.5352564102564102 0.03365384615384615 0.0641025641025641 0.055288461538461536
4 0.6089743589743589 0.2692307692307692 0.05128205128205128 0.04326923076923077
4 0.4935897435897436 0.1466346153846154 0.1987179487179487 0.16105769230769232
3 0.7564102564102564 0.3870192307692308 0.05128205128205128 0.038461538461538464
5 0.3717948717948718 0.14182692307692307 0.05128205128205128 0.052884615384615384
4 0.3301282051282051 0.18509615384615385 0.057692307692307696 0.04567307692307692
5 0.2564102564102564 0.14903846153846154 0.0641025641025641 0.04567307692307692
4 0.22756410256410256 0.2091346153846154 0.05448717948717949 0.04326923076923077
4 0.36217948717948717 0.27884615384615385 0.1794871794871795 0.14182692307692307
4 0.44551282051282054 0.38461538461538464 0.16025641025641027 0.12259615384615384
4 0.3525641025641026 0.4110576923076923 0.1346153846153846 0.11057692307692307
4 0.3269230769230769 0.49759615384615385 0.09615384615384616 0.07932692307692307
4 0.33974358974358976 0.5697115384615384 0.07051282051282051 0.05048076923076923
4 0.266025641025641 0.5384615384615384 0.08974358974358974 0.06971153846153846
4 0.28525641025641024 0.5865384615384616 0.05128205128205128 0.036057692307692304
4 0.2532051282051282 0.5817307692307693 0.022435897435897436 0.021634615384615384
4 0.24358974358974358 0.5024038461538461 0.022435897435897436 0.019230769230769232
4 0.20192307692307693 0.5432692307692307 0.02564102564102564 0.021634615384615384
4 0.1955128205128205 0.5913461538461539 0.022435897435897436 0.019230769230769232
4 0.3814102564102564 0.6466346153846154 0.0641025641025641 0.040865384615384616
4 0.5512820512820513 0.5504807692307693 0.16025641025641027 0.11538461538461539
4 0.6185897435897436 0.5264423076923077 0.10256410256410256 0.09375
4 0.6634615384615384 0.625 0.1282051282051282 0.09134615384615384
4 0.7339743589743589 0.6778846153846154 0.04807692307692308 0.03365384615384615
4 0.842948717948718 0.7524038461538461 0.04807692307692308 0.038461538461538464
4 0.9647435897435898 0.6225961538461539 0.0641025641025641 0.04326923076923077
4 0.6153846153846154 0.026442307692307692 0.060897435897435896 0.04807692307692308
4 0.6762820512820513 0.04807692307692308 0.04487179487179487 0.036057692307692304