3 0.5416666666666666 0.27884615384615385 0.16025641025641027 0.13701923076923078
5 0.6057692307692307 0.38221153846153844 0.14102564102564102 0.1201923076923077
5 0.4326923076923077 0.36778846153846156 0.17307692307692307 0.14182692307692307
4 0.6410256410256411 0.4831730769230769 0.12179487179487179 0.10096153846153846
4 0.5096153846153846 0.5024038461538461 0.15064102564102563 0.1466346153846154
5 0.5192307692307693 0.44471153846153844 0.15064102564102563 0.08173076923076923
4 0.5865384615384616 0.5769230769230769 0.11858974358974358 0.11778846153846154
4 0.6217948717948718 0.5889423076923077 0.09294871794871795 0.10817307692307693
4 0.5705128205128205 0.7283653846153846 0.12179487179487179 0.11538461538461539
4 0.46474358974358976 0.875 0.07371794871794872 0.06971153846153846
4 0.3173076923076923 0.7908653846153846 0.13782051282051283 0.11057692307692307
4 0.27884615384615385 0.6778846153846154 0.16666666666666666 0.1466346153846154
4 0.27564102564102566 0.5144230769230769 0.18269230769230768 0.14423076923076922