4 0.3685897435897436 0.15865384615384615 0.057692307692307696 0.05048076923076923
4 0.3301282051282051 0.21153846153846154 0.05128205128205128 0.040865384615384616
4 0.36217948717948717 0.23798076923076922 0.04807692307692308 0.04326923076923077
4 0.34615384615384615 0.28125 0.04487179487179487 0.038461538461538464
3 0.3108974358974359 0.3605769230769231 0.05448717948717949 0.040865384615384616
3 0.32051282051282054 0.4519230769230769 0.04807692307692308 0.03365384615384615
3 0.5032051282051282 0.40384615384615385 0.11858974358974358 0.09375
3 0.532051282051282 0.49038461538461536 0.11217948717948718 0.08653846153846154
3 0.5032051282051282 0.5528846153846154 0.035256410256410256 0.055288461538461536
3 0.4551282051282051 0.5697115384615384 0.08974358974358974 0.07211538461538461
5 0.5705128205128205 0.5673076923076923 0.11858974358974358 0.08413461538461539
3 0.5192307692307693 0.6201923076923077 0.10256410256410256 0.07932692307692307
4 0.6666666666666666 0.5697115384615384 0.08974358974358974 0.07932692307692307
3 0.44551282051282054 0.6706730769230769 0.11538461538461539 0.09375
5 0.5096153846153846 0.7019230769230769 0.07051282051282051 0.07451923076923077
4 0.3717948717948718 0.6850961538461539 0.05128205128205128 0.06971153846153846
4 0.42948717948717946 0.7283653846153846 0.08974358974358974 0.04807692307692308
4 0.47435897435897434 0.7572115384615384 0.07692307692307693 0.04807692307692308
4 0.391025641025641 0.7716346153846154 0.08653846153846154 0.0673076923076923
4 0.44551282051282054 0.8028846153846154 0.057692307692307696 0.04326923076923077
4 0.3717948717948718 0.7355769230769231 0.038461538461538464 0.036057692307692304
4 0.32371794871794873 0.40865384615384615 0.04487179487179487 0.03365384615384615
4 0.3108974358974359 0.4855769230769231 0.041666666666666664 0.026442307692307692
4 0.2916666666666667 0.5120192307692307 0.041666666666666664 0.026442307692307692
4 0.32051282051282054 0.5456730769230769 0.038461538461538464 0.02403846153846154
4 0.28205128205128205 0.5336538461538461 0.03205128205128205 0.021634615384615384
4 0.24358974358974358 0.5432692307692307 0.028846153846153848 0.019230769230769232
4 0.34935897435897434 0.5384615384615384 0.028846153846153848 0.02403846153846154
4 0.34935897435897434 0.5625 0.02564102564102564 0.016826923076923076
4 0.2724358974358974 0.5625 0.02564102564102564 0.016826923076923076
4 0.38461538461538464 0.30528846153846156 0.02564102564102564 0.019230769230769232
4 0.34935897435897434 0.3293269230769231 0.028846153846153848 0.019230769230769232