4 0.6506410256410257 0.3485576923076923 0.1346153846153846 0.09134615384615384
5 0.6121794871794872 0.43990384615384615 0.13782051282051283 0.10336538461538461
4 0.8365384615384616 0.4206730769230769 0.08333333333333333 0.09615384615384616
4 0.7083333333333334 0.5240384615384616 0.09935897435897435 0.10096153846153846
3 0.32371794871794873 0.4423076923076923 0.14102564102564102 0.11057692307692307
5 0.3173076923076923 0.5528846153846154 0.14743589743589744 0.10817307692307693
4 0.4326923076923077 0.5024038461538461 0.13141025641025642 0.08653846153846154
4 0.4326923076923077 0.5793269230769231 0.10576923076923077 0.07451923076923077
4 0.2724358974358974 0.6586538461538461 0.08653846153846154 0.07932692307692307
4 0.3685897435897436 0.6538461538461539 0.11217948717948718 0.0889423076923077
4 0.46794871794871795 0.6899038461538461 0.10256410256410256 0.0889423076923077
4 0.32051282051282054 0.7283653846153846 0.09935897435897435 0.09375
4 0.4326923076923077 0.7307692307692307 0.07692307692307693 0.07692307692307693
4 0.5256410256410257 0.7067307692307693 0.057692307692307696 0.07932692307692307
4 0.5897435897435898 0.7355769230769231 0.05128205128205128 0.0673076923076923
4 0.6538461538461539 0.7355769230769231 0.08974358974358974 0.0889423076923077
4 0.6955128205128205 0.6875 0.041666666666666664 0.03365384615384615
3 0.020833333333333332 0.36658653846153844 0.041666666666666664 0.036057692307692304
4 0.057692307692307696 0.3701923076923077 0.038461538461538464 0.036057692307692304
4 0.057692307692307696 0.07211538461538461 0.038461538461538464 0.03125
4 0.13141025641025642 0.11778846153846154 0.038461538461538464 0.03125
4 0.1282051282051282 0.12980769230769232 0.038461538461538464 0.03365384615384615
4 0.11858974358974358 0.15625 0.028846153846153848 0.02403846153846154