4 0.9423076923076923 0.25240384615384615 0.10897435897435898 0.10576923076923077
4 0.8974358974358975 0.13942307692307693 0.1762820512820513 0.0985576923076923
4 0.7307692307692307 0.18509615384615385 0.16666666666666666 0.10817307692307693
4 0.6698717948717948 0.23076923076923078 0.14423076923076922 0.0889423076923077
4 0.9711538461538461 0.4014423076923077 0.05128205128205128 0.040865384615384616
4 0.8237179487179487 0.4206730769230769 0.10897435897435898 0.10096153846153846
4 0.7596153846153846 0.3317307692307692 0.07692307692307693 0.10096153846153846
4 0.7339743589743589 0.3870192307692308 0.08333333333333333 0.04326923076923077
4 0.6730769230769231 0.3173076923076923 0.16987179487179488 0.10576923076923077
4 0.9134615384615384 0.5 0.0641025641025641 0.038461538461538464
4 0.8557692307692307 0.4879807692307692 0.060897435897435896 0.07451923076923077
4 0.6217948717948718 0.38221153846153844 0.09294871794871795 0.08653846153846154
4 0.717948717948718 0.47596153846153844 0.12179487179487179 0.09615384615384616
4 0.42948717948717946 0.20673076923076922 0.17307692307692307 0.14903846153846154
4 0.46794871794871795 0.37740384615384615 0.125 0.12980769230769232
4 0.3301282051282051 0.39663461538461536 0.14743589743589744 0.12740384615384615
4 0.44551282051282054 0.5 0.09294871794871795 0.1201923076923077
3 0.657051282051282 0.5528846153846154 0.14423076923076922 0.13221153846153846
3 0.5993589743589743 0.6201923076923077 0.09615384615384616 0.10096153846153846
3 0.5160256410256411 0.5240384615384616 0.16346153846153846 0.15625
3 0.5416666666666666 0.6634615384615384 0.15064102564102563 0.13221153846153846
5 0.5064102564102564 0.7235576923076923 0.13141025641025642 0.0985576923076923
4 0.5897435897435898 0.7427884615384616 0.08333333333333333 0.08413461538461539
4 0.41025641025641024 0.6033653846153846 0.11217948717948718 0.08653846153846154
4 0.3814102564102564 0.6875 0.08333333333333333 0.07451923076923077
4 0.2948717948717949 0.6610576923076923 0.11217948717948718 0.10096153846153846
4 0.30128205128205127 0.7572115384615384 0.09935897435897435 0.09134615384615384
4 0.46794871794871795 0.7908653846153846 0.10576923076923077 0.0889423076923077