1 0.5576923076923077 0.02403846153846154 0.10576923076923077 0.04807692307692308
1 0.26282051282051283 0.2283653846153846 0.0673076923076923 0.057692307692307696
1 0.4583333333333333 0.021634615384615384 0.08974358974358974 0.04326923076923077
1 0.46153846153846156 0.2956730769230769 0.36217948717948717 0.27884615384615385
1 0.1794871794871795 0.6129807692307693 0.08012820512820513 0.057692307692307696
1 0.09935897435897435 0.6370192307692307 0.09294871794871795 0.06971153846153846
2 0.22756410256410256 0.6730769230769231 0.05448717948717949 0.04567307692307692
0 0.38782051282051283 0.71875 0.11538461538461539 0.09615384615384616
0 0.48717948717948717 0.7019230769230769 0.12179487179487179 0.10817307692307693
1 0.5673076923076923 0.6875 0.09935897435897435 0.09375
2 0.44551282051282054 0.8028846153846154 0.15384615384615385 0.10817307692307693