3 0.5865384615384616 0.5504807692307693 0.13141025641025642 0.10817307692307693
3 0.3685897435897436 0.4423076923076923 0.19230769230769232 0.1466346153846154
4 0.21474358974358973 0.052884615384615384 0.13141025641025642 0.10096153846153846
4 0.16987179487179488 0.14423076923076922 0.12179487179487179 0.09375
4 0.041666666666666664 0.0673076923076923 0.08333333333333333 0.10336538461538461
4 0.05448717948717949 0.15625 0.09294871794871795 0.07692307692307693
5 0.30128205128205127 0.6274038461538461 0.14423076923076922 0.11057692307692307
4 0.5032051282051282 0.6610576923076923 0.09615384615384616 0.0889423076923077
4 0.4166666666666667 0.9447115384615384 0.0641025641025641 0.057692307692307696
4 0.266025641025641 0.7548076923076923 0.11858974358974358 0.09615384615384616
4 0.2467948717948718 0.8413461538461539 0.08012820512820513 0.06490384615384616
4 0.2724358974358974 0.9038461538461539 0.057692307692307696 0.052884615384615384