4 0.8397435897435898 0.10096153846153846 0.07051282051282051 0.040865384615384616
4 0.7307692307692307 0.15144230769230768 0.057692307692307696 0.038461538461538464
4 0.8141025641025641 0.14423076923076922 0.057692307692307696 0.052884615384615384
4 0.6955128205128205 0.19951923076923078 0.05128205128205128 0.052884615384615384
4 0.7948717948717948 0.1971153846153846 0.060897435897435896 0.04567307692307692
4 0.7724358974358975 0.24278846153846154 0.04487179487179487 0.04567307692307692
4 0.717948717948718 0.24519230769230768 0.04807692307692308 0.04807692307692308
4 0.75 0.27884615384615385 0.038461538461538464 0.04567307692307692
4 0.717948717948718 0.28846153846153844 0.035256410256410256 0.04326923076923077
5 0.5448717948717948 0.4206730769230769 0.11858974358974358 0.1346153846153846
4 0.41346153846153844 0.5072115384615384 0.10576923076923077 0.11298076923076923
4 0.5544871794871795 0.5384615384615384 0.11217948717948718 0.10817307692307693
5 0.7211538461538461 0.6105769230769231 0.03205128205128205 0.03125
4 0.592948717948718 0.59375 0.10576923076923077 0.05048076923076923
4 0.4326923076923077 0.5841346153846154 0.09615384615384616 0.09615384615384616
4 0.47435897435897434 0.65625 0.09294871794871795 0.0985576923076923
4 0.4807692307692308 0.7067307692307693 0.07051282051282051 0.07211538461538461
4 0.5288461538461539 0.7379807692307693 0.05448717948717949 0.052884615384615384
4 0.5865384615384616 0.7451923076923077 0.07371794871794872 0.055288461538461536
4 0.7403846153846154 0.6995192307692307 0.022435897435897436 0.021634615384615384
4 0.7211538461538461 0.7091346153846154 0.019230769230769232 0.019230769230769232
5 0.6730769230769231 0.6201923076923077 0.028846153846153848 0.028846153846153848
4 0.6987179487179487 0.53125 0.022435897435897436 0.021634615384615384
4 0.6858974358974359 0.5576923076923077 0.02564102564102564 0.016826923076923076
4 0.7211538461538461 0.5168269230769231 0.02564102564102564 0.02403846153846154
4 0.7532051282051282 0.5024038461538461 0.02564102564102564 0.026442307692307692
4 0.8525641025641025 0.4567307692307692 0.022435897435897436 0.019230769230769232
4 0.8557692307692307 0.31009615384615385 0.022435897435897436 0.019230769230769232
4 0.842948717948718 0.3076923076923077 0.019230769230769232 0.021634615384615384
4 0.8237179487179487 0.30528846153846156 0.019230769230769232 0.021634615384615384
4 0.8076923076923077 0.30528846153846156 0.009615384615384616 0.014423076923076924
4 0.7916666666666666 0.30288461538461536 0.022435897435897436 0.02403846153846154
4 0.8717948717948718 0.31490384615384615 0.01282051282051282 0.019230769230769232
4 0.8846153846153846 0.3125 0.016025641025641024 0.019230769230769232
4 0.8782051282051282 0.038461538461538464 0.07692307692307693 0.0625
4 0.7916666666666666 0.036057692307692304 0.07051282051282051 0.06971153846153846