3 0.4775641025641026 0.3557692307692308 0.16346153846153846 0.14182692307692307
3 0.6314102564102564 0.3870192307692308 0.14743589743589744 0.13221153846153846
3 0.030448717948717948 0.5252403846153846 0.060897435897435896 0.055288461538461536
3 0.5128205128205128 0.4831730769230769 0.18269230769230768 0.13221153846153846
5 0.5993589743589743 0.5072115384615384 0.11858974358974358 0.11298076923076923
5 0.44871794871794873 0.6081730769230769 0.18269230769230768 0.14903846153846154
5 0.5544871794871795 0.625 0.13141025641025642 0.12259615384615384
3 0.3269230769230769 0.6754807692307693 0.09935897435897435 0.08413461538461539
4 0.6955128205128205 0.625 0.14743589743589744 0.11538461538461539
4 0.6826923076923077 0.6947115384615384 0.125 0.08173076923076923
4 0.5801282051282052 0.7259615384615384 0.11217948717948718 0.0985576923076923
4 0.4807692307692308 0.7331730769230769 0.14423076923076922 0.11778846153846154
4 0.5256410256410257 0.8052884615384616 0.10576923076923077 0.07692307692307693
4 0.4519230769230769 0.8653846153846154 0.10256410256410256 0.09375
3 0.42628205128205127 0.9110576923076923 0.060897435897435896 0.040865384615384616