5 0.5737179487179487 0.22596153846153846 0.15705128205128205 0.12259615384615384
5 0.5256410256410257 0.16826923076923078 0.14102564102564102 0.10096153846153846
4 0.6666666666666666 0.2932692307692308 0.125 0.09375
4 0.5544871794871795 0.30528846153846156 0.10897435897435898 0.07451923076923077
4 0.5737179487179487 0.3798076923076923 0.060897435897435896 0.040865384615384616
4 0.7051282051282052 0.4206730769230769 0.10897435897435898 0.08173076923076923
4 0.7628205128205128 0.49038461538461536 0.08653846153846154 0.0625
4 0.8685897435897436 0.5072115384615384 0.10897435897435898 0.07451923076923077
4 0.9423076923076923 0.5144230769230769 0.04807692307692308 0.036057692307692304
4 0.8942307692307693 0.5456730769230769 0.04807692307692308 0.028846153846153848
4 0.5961538461538461 0.4326923076923077 0.09615384615384616 0.07692307692307693
4 0.6185897435897436 0.5288461538461539 0.08012820512820513 0.0625
4 0.5641025641025641 0.5841346153846154 0.08012820512820513 0.0625
4 0.5128205128205128 0.5240384615384616 0.09615384615384616 0.0673076923076923
4 0.46794871794871795 0.3894230769230769 0.09935897435897435 0.07692307692307693
4 0.46794871794871795 0.3004807692307692 0.07692307692307693 0.06971153846153846
4 0.4551282051282051 0.35336538461538464 0.04807692307692308 0.021634615384615384
5 0.32371794871794873 0.20432692307692307 0.10256410256410256 0.08653846153846154
5 0.375 0.2620192307692308 0.09935897435897435 0.07692307692307693
5 0.33653846153846156 0.3245192307692308 0.11217948717948718 0.07932692307692307
4 0.28205128205128205 0.4519230769230769 0.10256410256410256 0.07692307692307693
4 0.2403846153846154 0.3076923076923077 0.09935897435897435 0.08413461538461539
4 0.1762820512820513 0.3942307692307692 0.08974358974358974 0.0673076923076923
4 0.0641025641025641 0.4567307692307692 0.0673076923076923 0.05048076923076923
4 0.09615384615384616 0.5600961538461539 0.035256410256410256 0.021634615384615384