3 0.4935897435897436 0.4831730769230769 0.14743589743589744 0.0985576923076923
3 0.6025641025641025 0.5120192307692307 0.11217948717948718 0.06009615384615385
3 0.44871794871794873 0.5288461538461539 0.08012820512820513 0.07451923076923077
3 0.5416666666666666 0.5841346153846154 0.15705128205128205 0.125
3 0.5448717948717948 0.6995192307692307 0.15064102564102563 0.11538461538461539
5 0.6089743589743589 0.7716346153846154 0.11858974358974358 0.09615384615384616
5 0.6153846153846154 0.6442307692307693 0.09615384615384616 0.08653846153846154
3 0.125 0.5216346153846154 0.09294871794871795 0.06490384615384616
3 0.22435897435897437 0.5480769230769231 0.08653846153846154 0.0625
5 0.14102564102564102 0.5721153846153846 0.08012820512820513 0.052884615384615384
5 0.22435897435897437 0.6033653846153846 0.07371794871794872 0.052884615384615384