3 0.3814102564102564 0.21153846153846154 0.266025641025641 0.20432692307692307
3 0.6410256410256411 0.3629807692307692 0.20192307692307693 0.1466346153846154
3 0.41346153846153844 0.5192307692307693 0.17307692307692307 0.1346153846153846
4 0.592948717948718 0.5336538461538461 0.15705128205128205 0.11778846153846154
4 0.4358974358974359 0.6514423076923077 0.15384615384615385 0.1201923076923077
4 0.5865384615384616 0.7163461538461539 0.14423076923076922 0.11057692307692307
3 0.34935897435897434 0.6538461538461539 0.05128205128205128 0.07451923076923077
3 0.266025641025641 0.7211538461538461 0.10897435897435898 0.08413461538461539
3 0.3717948717948718 0.7740384615384616 0.10256410256410256 0.08413461538461539
3 0.3301282051282051 0.8293269230769231 0.09615384615384616 0.07932692307692307
4 0.23717948717948717 0.8221153846153846 0.08653846153846154 0.06971153846153846
4 0.2916666666666667 0.8990384615384616 0.08653846153846154 0.07211538461538461
4 0.5128205128205128 0.8221153846153846 0.14743589743589744 0.1201923076923077
4 0.4423076923076923 0.8269230769230769 0.035256410256410256 0.07932692307692307
4 0.5608974358974359 0.8725961538461539 0.09615384615384616 0.07211538461538461
3 0.03365384615384615 0.30649038461538464 0.0673076923076923 0.06971153846153846
4 0.03685897435897436 0.5300480769230769 0.07371794871794872 0.06009615384615385
4 0.03205128205128205 0.59375 0.0641025641025641 0.04807692307692308
4 0.020833333333333332 0.3870192307692308 0.041666666666666664 0.0673076923076923
4 0.05128205128205128 0.5504807692307693 0.04807692307692308 0.03125
3 0.022435897435897436 0.2403846153846154 0.04487179487179487 0.055288461538461536