4 0.6474358974358975 0.09615384615384616 0.10256410256410256 0.07932692307692307
4 0.6314102564102564 0.18028846153846154 0.07692307692307693 0.057692307692307696
3 0.7948717948717948 0.2283653846153846 0.16987179487179488 0.13701923076923078
3 0.8653846153846154 0.2980769230769231 0.041666666666666664 0.03365384615384615
5 0.625 0.3798076923076923 0.16666666666666666 0.12740384615384615
4 0.7852564102564102 0.4639423076923077 0.1794871794871795 0.125
3 0.592948717948718 0.4735576923076923 0.07692307692307693 0.03365384615384615
4 0.717948717948718 0.4855769230769231 0.08012820512820513 0.07932692307692307
4 0.6538461538461539 0.5048076923076923 0.07371794871794872 0.06009615384615385
4 0.6057692307692307 0.5288461538461539 0.14423076923076922 0.10576923076923077
4 0.46794871794871795 0.5528846153846154 0.057692307692307696 0.04326923076923077
4 0.7403846153846154 0.6177884615384616 0.14743589743589744 0.10336538461538461
4 0.6153846153846154 0.6105769230769231 0.10897435897435898 0.07932692307692307
4 0.7147435897435898 0.6947115384615384 0.12179487179487179 0.0889423076923077
4 0.6442307692307693 0.7139423076923077 0.08974358974358974 0.08653846153846154
4 0.7339743589743589 0.75 0.03205128205128205 0.02403846153846154
4 0.5705128205128205 0.6322115384615384 0.09935897435897435 0.08173076923076923
4 0.483974358974359 0.65625 0.08653846153846154 0.06490384615384616
4 0.4519230769230769 0.6802884615384616 0.09935897435897435 0.08173076923076923
4 0.3974358974358974 0.6394230769230769 0.05448717948717949 0.0673076923076923
3 0.32371794871794873 0.6514423076923077 0.14743589743589744 0.10336538461538461
4 0.22756410256410256 0.6153846153846154 0.041666666666666664 0.028846153846153848
5 0.125 0.6875 0.14102564102564102 0.10096153846153846
5 0.21794871794871795 0.7451923076923077 0.13782051282051283 0.10096153846153846
4 0.34615384615384615 0.7884615384615384 0.10897435897435898 0.08413461538461539
4 0.2724358974358974 0.7908653846153846 0.08333333333333333 0.07932692307692307
4 0.27564102564102566 0.7355769230769231 0.07051282051282051 0.08413461538461539