3 0.4519230769230769 0.39903846153846156 0.10256410256410256 0.0889423076923077
3 0.2948717948717949 0.3701923076923077 0.09615384615384616 0.07211538461538461
5 0.1987179487179487 0.3269230769230769 0.10256410256410256 0.07692307692307693
5 0.2532051282051282 0.49278846153846156 0.09935897435897435 0.07211538461538461
4 0.4198717948717949 0.33653846153846156 0.08333333333333333 0.04326923076923077
4 0.3108974358974359 0.4375 0.060897435897435896 0.04567307692307692
4 0.3685897435897436 0.5096153846153846 0.09294871794871795 0.07692307692307693
4 0.2980769230769231 0.5504807692307693 0.07051282051282051 0.052884615384615384
5 0.5416666666666666 0.27163461538461536 0.11858974358974358 0.0985576923076923
5 0.6858974358974359 0.3581730769230769 0.11217948717948718 0.07932692307692307
5 0.7147435897435898 0.2668269230769231 0.10897435897435898 0.057692307692307696
4 0.7371794871794872 0.2091346153846154 0.07371794871794872 0.0625
4 0.6923076923076923 0.4110576923076923 0.07692307692307693 0.04326923076923077
4 0.7243589743589743 0.4375 0.04807692307692308 0.038461538461538464
4 0.5801282051282052 0.38461538461538464 0.08333333333333333 0.0625
4 0.5737179487179487 0.47115384615384615 0.1282051282051282 0.09615384615384616
4 0.36538461538461536 0.31971153846153844 0.07371794871794872 0.05048076923076923
4 0.483974358974359 0.5072115384615384 0.08974358974358974 0.0625
4 0.4935897435897436 0.5865384615384616 0.08333333333333333 0.055288461538461536
4 0.8333333333333334 0.39903846153846156 0.0641025641025641 0.04567307692307692
4 0.3525641025641026 0.5961538461538461 0.08012820512820513 0.026442307692307692
4 0.47115384615384615 0.6442307692307693 0.09294871794871795 0.0673076923076923
4 0.5256410256410257 0.7115384615384616 0.057692307692307696 0.04567307692307692
4 0.3814102564102564 0.7283653846153846 0.05448717948717949 0.04567307692307692
4 0.30448717948717946 0.7307692307692307 0.08974358974358974 0.08173076923076923
4 0.2916666666666667 0.7932692307692307 0.060897435897435896 0.055288461538461536
4 0.47435897435897434 0.8629807692307693 0.08974358974358974 0.08413461538461539
4 0.7211538461538461 0.75 0.057692307692307696 0.04326923076923077
4 0.7467948717948718 0.8317307692307693 0.08653846153846154 0.07451923076923077
4 0.8173076923076923 0.6802884615384616 0.10256410256410256 0.07932692307692307