4 0.15384615384615385 0.014423076923076924 0.07371794871794872 0.028846153846153848
4 0.16346153846153846 0.06971153846153846 0.07371794871794872 0.06009615384615385
4 0.1762820512820513 0.10576923076923077 0.0641025641025641 0.03365384615384615
4 0.1955128205128205 0.13701923076923078 0.060897435897435896 0.04807692307692308
4 0.16346153846153846 0.17307692307692307 0.05128205128205128 0.040865384615384616
4 0.15384615384615385 0.18028846153846154 0.04807692307692308 0.03365384615384615
4 0.13141025641025642 0.1971153846153846 0.041666666666666664 0.03365384615384615
4 0.4391025641025641 0.018028846153846152 0.057692307692307696 0.036057692307692304
4 0.36217948717948717 0.0673076923076923 0.057692307692307696 0.05048076923076923
4 0.3974358974358974 0.11538461538461539 0.05448717948717949 0.04567307692307692
4 0.36217948717948717 0.11057692307692307 0.03205128205128205 0.03125
4 0.38782051282051283 0.13701923076923078 0.041666666666666664 0.03125
4 0.44551282051282054 0.11778846153846154 0.060897435897435896 0.04567307692307692
4 0.3717948717948718 0.1466346153846154 0.028846153846153848 0.026442307692307692
4 0.4230769230769231 0.17067307692307693 0.05128205128205128 0.04326923076923077
4 0.391025641025641 0.1778846153846154 0.038461538461538464 0.038461538461538464
4 0.36217948717948717 0.19471153846153846 0.04487179487179487 0.040865384615384616
5 0.625 0.34615384615384615 0.1346153846153846 0.10336538461538461
3 0.592948717948718 0.4519230769230769 0.10256410256410256 0.08173076923076923
5 0.42948717948717946 0.4807692307692308 0.10576923076923077 0.07211538461538461
4 0.5032051282051282 0.5048076923076923 0.08653846153846154 0.038461538461538464
4 0.40064102564102566 0.5528846153846154 0.09294871794871795 0.07211538461538461
4 0.5192307692307693 0.5432692307692307 0.08974358974358974 0.0673076923076923
4 0.49038461538461536 0.5600961538461539 0.10576923076923077 0.07932692307692307
4 0.6346153846153846 0.5384615384615384 0.08333333333333333 0.06490384615384616
4 0.5641025641025641 0.5817307692307693 0.05128205128205128 0.04326923076923077
4 0.4519230769230769 0.6009615384615384 0.07051282051282051 0.052884615384615384
4 0.4935897435897436 0.6129807692307693 0.038461538461538464 0.03365384615384615
4 0.5384615384615384 0.6129807692307693 0.07692307692307693 0.0625
4 0.6410256410256411 0.6009615384615384 0.07692307692307693 0.057692307692307696
4 0.592948717948718 0.6370192307692307 0.07051282051282051 0.06009615384615385
4 0.4391025641025641 0.65625 0.09935897435897435 0.0673076923076923
4 0.3076923076923077 0.6634615384615384 0.11217948717948718 0.07692307692307693
4 0.28205128205128205 0.7139423076923077 0.09294871794871795 0.057692307692307696
4 0.15705128205128205 0.7331730769230769 0.035256410256410256 0.028846153846153848
4 0.125 0.7355769230769231 0.035256410256410256 0.03125
3 0.08974358974358974 0.7211538461538461 0.04807692307692308 0.03125
4 0.40384615384615385 0.7451923076923077 0.08974358974358974 0.07211538461538461
4 0.3173076923076923 0.7764423076923077 0.07692307692307693 0.0673076923076923
3 0.4935897435897436 0.8413461538461539 0.08012820512820513 0.06490384615384616
3 0.5961538461538461 0.9302884615384616 0.060897435897435896 0.052884615384615384
5 0.532051282051282 0.9302884615384616 0.05448717948717949 0.05048076923076923
5 0.16025641025641027 0.4375 0.041666666666666664 0.03365384615384615
4 0.09294871794871795 0.4543269230769231 0.04807692307692308 0.03365384615384615
4 0.24358974358974358 0.5048076923076923 0.035256410256410256 0.026442307692307692
4 0.20512820512820512 0.4807692307692308 0.035256410256410256 0.026442307692307692
4 0.14423076923076922 0.5384615384615384 0.041666666666666664 0.028846153846153848
4 0.17307692307692307 0.5697115384615384 0.041666666666666664 0.026442307692307692
4 0.07051282051282051 0.53125 0.041666666666666664 0.026442307692307692
5 0.07371794871794872 0.5024038461538461 0.04487179487179487 0.026442307692307692
4 0.05128205128205128 0.5649038461538461 0.038461538461538464 0.026442307692307692
5 0.09935897435897435 0.47836538461538464 0.041666666666666664 0.026442307692307692
4 0.016025641025641024 0.5048076923076923 0.028846153846153848 0.028846153846153848
4 0.1858974358974359 0.5408653846153846 0.035256410256410256 0.02403846153846154
4 0.0641025641025641 0.47836538461538464 0.038461538461538464 0.028846153846153848
4 0.08012820512820513 0.5769230769230769 0.038461538461538464 0.016826923076923076
4 0.08012820512820513 0.5528846153846154 0.041666666666666664 0.026442307692307692
4 0.7467948717948718 0.6298076923076923 0.028846153846153848 0.021634615384615384
4 0.1891025641025641 0.5120192307692307 0.035256410256410256 0.02403846153846154
5 0.16666666666666666 0.49038461538461536 0.035256410256410256 0.03125
4 0.13782051282051283 0.4879807692307692 0.03205128205128205 0.026442307692307692
4 0.1282051282051282 0.5721153846153846 0.038461538461538464 0.019230769230769232