5 0.7371794871794872 0.10096153846153846 0.20833333333333334 0.1658653846153846
5 0.28525641025641024 0.18028846153846154 0.22756410256410256 0.17307692307692307
4 0.6025641025641025 0.39903846153846156 0.16987179487179488 0.13942307692307693
4 0.3173076923076923 0.5745192307692307 0.15705128205128205 0.12740384615384615
4 0.2692307692307692 0.6298076923076923 0.14743589743589744 0.0985576923076923
4 0.4230769230769231 0.6105769230769231 0.11858974358974358 0.09375
4 0.27564102564102566 0.7043269230769231 0.11217948717948718 0.07692307692307693
4 0.41025641025641024 0.6971153846153846 0.11538461538461539 0.09615384615384616
4 0.5512820512820513 0.6298076923076923 0.14743589743589744 0.11298076923076923
4 0.6858974358974359 0.5985576923076923 0.1346153846153846 0.09134615384615384
4 0.7019230769230769 0.6610576923076923 0.10256410256410256 0.06009615384615385
4 0.6346153846153846 0.7067307692307693 0.09615384615384616 0.07932692307692307
4 0.5641025641025641 0.7283653846153846 0.10897435897435898 0.0889423076923077