1 0.6217948717948718 0.3605769230769231 0.28205128205128205 0.17307692307692307
1 0.47435897435897434 0.45913461538461536 0.266025641025641 0.18990384615384615
2 0.8365384615384616 0.47596153846153844 0.10897435897435898 0.0673076923076923
1 0.9198717948717948 0.4519230769230769 0.08974358974358974 0.07451923076923077
1 0.8012820512820513 0.2548076923076923 0.08653846153846154 0.057692307692307696
1 0.7371794871794872 0.23557692307692307 0.05128205128205128 0.040865384615384616
1 0.8685897435897436 0.24519230769230768 0.057692307692307696 0.04807692307692308
1 0.75 0.27163461538461536 0.04487179487179487 0.036057692307692304
1 0.5032051282051282 0.8293269230769231 0.11538461538461539 0.0985576923076923
2 0.4166666666666667 0.8605769230769231 0.13782051282051283 0.11778846153846154
0 0.04487179487179487 0.5865384615384616 0.0673076923076923 0.055288461538461536
0 0.08012820512820513 0.6033653846153846 0.08012820512820513 0.055288461538461536
1 0.09294871794871795 0.6081730769230769 0.0641025641025641 0.04567307692307692
2 0.028846153846153848 0.6298076923076923 0.057692307692307696 0.055288461538461536
1 0.041666666666666664 0.4254807692307692 0.08333333333333333 0.07451923076923077
1 0.02403846153846154 0.49278846153846156 0.04807692307692308 0.03365384615384615
1 0.08012820512820513 0.5048076923076923 0.035256410256410256 0.028846153846153848
1 0.36538461538461536 0.3389423076923077 0.038461538461538464 0.03125
1 0.36538461538461536 0.3701923076923077 0.041666666666666664 0.028846153846153848
1 0.3974358974358974 0.35336538461538464 0.035256410256410256 0.040865384615384616