1 0.5096153846153846 0.19951923076923078 0.16346153846153846 0.125
1 0.6346153846153846 0.30528846153846156 0.16346153846153846 0.12740384615384615
1 0.5 0.31490384615384615 0.14423076923076922 0.11778846153846154
1 0.592948717948718 0.375 0.14423076923076922 0.055288461538461536
1 0.9551282051282052 0.28125 0.08333333333333333 0.07932692307692307
1 0.46474358974358976 0.6057692307692307 0.13141025641025642 0.10576923076923077
1 0.5737179487179487 0.6658653846153846 0.1346153846153846 0.10096153846153846
1 0.47435897435897434 0.71875 0.15384615384615385 0.1201923076923077
0 0.40064102564102566 0.96875 0.12179487179487179 0.057692307692307696
1 0.32371794871794873 0.8894230769230769 0.04487179487179487 0.040865384615384616
1 0.038461538461538464 0.7668269230769231 0.04487179487179487 0.03365384615384615
2 0.07371794871794872 0.7740384615384616 0.05128205128205128 0.040865384615384616
1 0.10576923076923077 0.6418269230769231 0.10897435897435898 0.06971153846153846
1 0.15064102564102563 0.625 0.0673076923076923 0.05048076923076923
2 0.36217948717948717 0.6201923076923077 0.08974358974358974 0.11298076923076923
1 0.358974358974359 0.6850961538461539 0.04807692307692308 0.03365384615384615
1 0.125 0.5408653846153846 0.05448717948717949 0.036057692307692304
0 0.02564102564102564 0.5168269230769231 0.041666666666666664 0.026442307692307692
2 0.14102564102564102 0.5168269230769231 0.057692307692307696 0.038461538461538464
0 0.8525641025641025 0.7067307692307693 0.0673076923076923 0.055288461538461536