4 0.5288461538461539 0.05048076923076923 0.05448717948717949 0.04807692307692308
4 0.9711538461538461 0.15144230769230768 0.04807692307692308 0.09375
4 0.9743589743589743 0.3389423076923077 0.04807692307692308 0.06490384615384616
4 0.907051282051282 0.3076923076923077 0.09615384615384616 0.0673076923076923
4 0.9519230769230769 0.2932692307692308 0.07051282051282051 0.052884615384615384
4 0.875 0.1875 0.05128205128205128 0.038461538461538464
4 0.8589743589743589 0.23557692307692307 0.09615384615384616 0.06971153846153846
4 0.8108974358974359 0.21153846153846154 0.07692307692307693 0.0625
4 0.9358974358974359 0.24519230769230768 0.08333333333333333 0.057692307692307696
4 0.8685897435897436 0.28846153846153844 0.07051282051282051 0.052884615384615384
4 0.75 0.28125 0.0673076923076923 0.05048076923076923
4 0.8173076923076923 0.33653846153846156 0.060897435897435896 0.04567307692307692
4 0.7083333333333334 0.34375 0.05128205128205128 0.040865384615384616
4 0.7243589743589743 0.39903846153846156 0.019230769230769232 0.016826923076923076
4 0.7019230769230769 0.3798076923076923 0.016025641025641024 0.014423076923076924
4 0.8012820512820513 0.40384615384615385 0.057692307692307696 0.04567307692307692
4 0.9391025641025641 0.3870192307692308 0.08333333333333333 0.057692307692307696
4 0.9775641025641025 0.44471153846153844 0.038461538461538464 0.04567307692307692
4 0.9134615384615384 0.4375 0.022435897435897436 0.014423076923076924
4 0.8173076923076923 0.44711538461538464 0.028846153846153848 0.019230769230769232
4 0.8814102564102564 0.6778846153846154 0.09935897435897435 0.07211538461538461
4 0.5256410256410257 0.41586538461538464 0.10256410256410256 0.0889423076923077
4 0.5673076923076923 0.5769230769230769 0.1282051282051282 0.09375
4 0.5 0.5384615384615384 0.060897435897435896 0.04807692307692308
4 0.41025641025641024 0.44471153846153844 0.13141025641025642 0.0985576923076923
4 0.34935897435897434 0.39663461538461536 0.028846153846153848 0.019230769230769232
5 0.34615384615384615 0.4807692307692308 0.04807692307692308 0.04326923076923077
4 0.3108974358974359 0.43028846153846156 0.041666666666666664 0.026442307692307692
4 0.36217948717948717 0.5240384615384616 0.07371794871794872 0.04807692307692308
5 0.3782051282051282 0.5889423076923077 0.08974358974358974 0.0673076923076923
5 0.33653846153846156 0.5649038461538461 0.08012820512820513 0.0625
4 0.3173076923076923 0.6057692307692307 0.0641025641025641 0.05048076923076923
5 0.2724358974358974 0.65625 0.07051282051282051 0.055288461538461536
5 0.23076923076923078 0.5961538461538461 0.0673076923076923 0.05048076923076923
3 0.15705128205128205 0.5360576923076923 0.057692307692307696 0.03365384615384615
4 0.22756410256410256 0.6442307692307693 0.05448717948717949 0.04326923076923077
4 0.34935897435897434 0.6850961538461539 0.08012820512820513 0.06490384615384616
4 0.3173076923076923 0.7067307692307693 0.0673076923076923 0.052884615384615384
4 0.3525641025641026 0.7716346153846154 0.060897435897435896 0.04807692307692308
4 0.2948717948717949 0.7692307692307693 0.05128205128205128 0.040865384615384616
4 0.2564102564102564 0.7836538461538461 0.04487179487179487 0.03125
4 0.46153846153846156 0.6274038461538461 0.060897435897435896 0.04807692307692308
4 0.5096153846153846 0.6634615384615384 0.041666666666666664 0.028846153846153848
4 0.4166666666666667 0.6730769230769231 0.0673076923076923 0.04567307692307692
4 0.42948717948717946 0.7019230769230769 0.057692307692307696 0.04807692307692308
4 0.6955128205128205 0.12740384615384615 0.04487179487179487 0.03365384615384615
4 0.40705128205128205 0.5504807692307693 0.0641025641025641 0.04807692307692308