4 0.5865384615384616 0.20192307692307693 0.15064102564102563 0.1201923076923077
3 0.6666666666666666 0.0985576923076923 0.0641025641025641 0.07211538461538461
4 0.7532051282051282 0.10817307692307693 0.07371794871794872 0.0673076923076923
4 0.8910256410256411 0.15144230769230768 0.07051282051282051 0.05048076923076923
4 0.8814102564102564 0.23076923076923078 0.0673076923076923 0.04567307692307692
4 0.9423076923076923 0.23557692307692307 0.060897435897435896 0.04567307692307692
4 0.7371794871794872 0.31490384615384615 0.15705128205128205 0.11778846153846154
4 0.5801282051282052 0.35096153846153844 0.11538461538461539 0.09615384615384616
4 0.6410256410256411 0.4735576923076923 0.0673076923076923 0.04567307692307692
4 0.5416666666666666 0.5048076923076923 0.07371794871794872 0.057692307692307696
4 0.6314102564102564 0.59375 0.07692307692307693 0.055288461538461536
4 0.5096153846153846 0.7572115384615384 0.1762820512820513 0.12740384615384615
3 0.41346153846153844 0.8269230769230769 0.21153846153846154 0.1658653846153846
3 0.20192307692307693 0.6370192307692307 0.1794871794871795 0.13701923076923078
4 0.3108974358974359 0.7884615384615384 0.0641025641025641 0.057692307692307696
4 0.3141025641025641 0.8485576923076923 0.08653846153846154 0.10817307692307693