3 0.5192307692307693 0.4230769230769231 0.1282051282051282 0.09375
3 0.22435897435897437 0.46153846153846156 0.14423076923076922 0.10096153846153846
4 0.4230769230769231 0.6033653846153846 0.11217948717948718 0.09134615384615384
4 0.47435897435897434 0.7355769230769231 0.09615384615384616 0.06971153846153846
4 0.49038461538461536 0.7788461538461539 0.07371794871794872 0.05048076923076923
4 0.4423076923076923 0.8076923076923077 0.0673076923076923 0.055288461538461536
4 0.3814102564102564 0.75 0.09935897435897435 0.08173076923076923
4 0.3814102564102564 0.8245192307692307 0.08012820512820513 0.06971153846153846
4 0.2916666666666667 0.7331730769230769 0.09294871794871795 0.0673076923076923
4 0.2724358974358974 0.7980769230769231 0.08333333333333333 0.07211538461538461
4 0.21474358974358973 0.7115384615384616 0.11217948717948718 0.09134615384615384
4 0.17307692307692307 0.7427884615384616 0.09935897435897435 0.07451923076923077
4 0.17307692307692307 0.7980769230769231 0.08653846153846154 0.06009615384615385