5 0.16025641025641027 0.6706730769230769 0.13782051282051283 0.09615384615384616
5 0.14423076923076922 0.6009615384615384 0.1346153846153846 0.08413461538461539
4 0.09935897435897435 0.5288461538461539 0.11538461538461539 0.07451923076923077
4 0.21794871794871795 0.4495192307692308 0.11538461538461539 0.08653846153846154
3 0.2948717948717949 0.5072115384615384 0.125 0.0889423076923077
5 0.4166666666666667 0.4182692307692308 0.14743589743589744 0.10576923076923077
5 0.33653846153846156 0.5745192307692307 0.1346153846153846 0.10336538461538461
5 0.2980769230769231 0.6418269230769231 0.09294871794871795 0.06490384615384616
4 0.266025641025641 0.6875 0.08974358974358974 0.057692307692307696
4 0.23076923076923078 0.5793269230769231 0.09615384615384616 0.08413461538461539
4 0.3333333333333333 0.7355769230769231 0.10256410256410256 0.08173076923076923
5 0.4391025641025641 0.5697115384615384 0.08333333333333333 0.07932692307692307
5 0.391025641025641 0.6418269230769231 0.07692307692307693 0.0673076923076923
4 0.47435897435897434 0.6346153846153846 0.07692307692307693 0.06971153846153846
4 0.4967948717948718 0.46634615384615385 0.11538461538461539 0.08653846153846154
4 0.5384615384615384 0.5528846153846154 0.08974358974358974 0.06971153846153846
4 0.5512820512820513 0.6298076923076923 0.10576923076923077 0.08413461538461539
4 0.6442307692307693 0.7019230769230769 0.09935897435897435 0.07692307692307693
4 0.532051282051282 0.7235576923076923 0.07692307692307693 0.0625
4 0.5480769230769231 0.7692307692307693 0.057692307692307696 0.04326923076923077
4 0.7467948717948718 0.7115384615384616 0.0641025641025641 0.04567307692307692
4 0.6826923076923077 0.6105769230769231 0.08012820512820513 0.0625
4 0.6410256410256411 0.4879807692307692 0.08012820512820513 0.055288461538461536
4 0.6474358974358975 0.4110576923076923 0.04807692307692308 0.036057692307692304
4 0.7051282051282052 0.3004807692307692 0.0641025641025641 0.04567307692307692
5 0.6538461538461539 0.33413461538461536 0.08333333333333333 0.06490384615384616
4 0.6634615384615384 0.23076923076923078 0.07051282051282051 0.04326923076923077
5 0.5865384615384616 0.25 0.10256410256410256 0.07932692307692307
3 0.5865384615384616 0.2980769230769231 0.08653846153846154 0.052884615384615384