4 0.5352564102564102 0.4375 0.16666666666666666 0.13701923076923078
4 0.38461538461538464 0.4951923076923077 0.19230769230769232 0.1466346153846154
4 0.40705128205128205 0.5889423076923077 0.1282051282051282 0.07932692307692307
4 0.5673076923076923 0.6466346153846154 0.13782051282051283 0.1201923076923077
4 0.38782051282051283 0.6850961538461539 0.13141025641025642 0.10817307692307693
4 0.41346153846153844 0.7548076923076923 0.09935897435897435 0.0889423076923077
4 0.5801282051282052 0.7596153846153846 0.125 0.10576923076923077
4 0.7339743589743589 0.7668269230769231 0.125 0.0985576923076923
4 0.532051282051282 0.8293269230769231 0.02564102564102564 0.019230769230769232
5 0.6121794871794872 0.8653846153846154 0.07692307692307693 0.06490384615384616
4 0.6089743589743589 0.8990384615384616 0.03205128205128205 0.02403846153846154
4 0.6314102564102564 0.9254807692307693 0.035256410256410256 0.02403846153846154
4 0.5737179487179487 0.9350961538461539 0.08333333333333333 0.07692307692307693
5 0.017628205128205128 0.8990384615384616 0.035256410256410256 0.09615384615384616
4 0.04326923076923077 0.8774038461538461 0.08653846153846154 0.08653846153846154
4 0.08974358974358974 0.90625 0.0641025641025641 0.06490384615384616
4 0.03205128205128205 0.9326923076923077 0.060897435897435896 0.04807692307692308
4 0.08012820512820513 0.9759615384615384 0.08974358974358974 0.04326923076923077
5 0.08974358974358974 0.7740384615384616 0.11217948717948718 0.08173076923076923
4 0.0673076923076923 0.8173076923076923 0.08333333333333333 0.040865384615384616
3 0.060897435897435896 0.6971153846153846 0.10897435897435898 0.0889423076923077