5 0.3814102564102564 0.21634615384615385 0.1891025641025641 0.15144230769230768
4 0.6506410256410257 0.4423076923076923 0.1858974358974359 0.10336538461538461
5 0.41025641025641024 0.45913461538461536 0.1891025641025641 0.1346153846153846
4 0.46153846153846156 0.6033653846153846 0.15384615384615385 0.11298076923076923
4 0.6282051282051282 0.6610576923076923 0.15384615384615385 0.11538461538461539
4 0.44871794871794873 0.7355769230769231 0.13141025641025642 0.10336538461538461
3 0.23717948717948717 0.6346153846153846 0.08333333333333333 0.0673076923076923
3 0.28525641025641024 0.6923076923076923 0.08974358974358974 0.0673076923076923
5 0.3301282051282051 0.6370192307692307 0.0641025641025641 0.06009615384615385
5 0.36538461538461536 0.7163461538461539 0.07692307692307693 0.06009615384615385
5 0.3108974358974359 0.7548076923076923 0.0641025641025641 0.05048076923076923
5 0.028846153846153848 0.7692307692307693 0.057692307692307696 0.04326923076923077
4 0.3333333333333333 0.7932692307692307 0.057692307692307696 0.05048076923076923
4 0.34294871794871795 0.8389423076923077 0.057692307692307696 0.04567307692307692
4 0.46794871794871795 0.8149038461538461 0.10897435897435898 0.08653846153846154
4 0.6121794871794872 0.8149038461538461 0.0641025641025641 0.055288461538461536
4 0.5705128205128205 0.8485576923076923 0.07051282051282051 0.057692307692307696
4 0.4967948717948718 0.8725961538461539 0.0673076923076923 0.05048076923076923
4 0.05128205128205128 0.8076923076923077 0.05448717948717949 0.040865384615384616
3 0.017628205128205128 0.75 0.035256410256410256 0.02403846153846154