3 0.11217948717948718 0.1346153846153846 0.09294871794871795 0.09375
3 0.20833333333333334 0.21394230769230768 0.11858974358974358 0.08413461538461539
3 0.27884615384615385 0.29086538461538464 0.1346153846153846 0.10096153846153846
4 0.16346153846153846 0.3173076923076923 0.08333333333333333 0.04807692307692308
4 0.07051282051282051 0.31009615384615385 0.11217948717948718 0.08173076923076923
3 0.38782051282051283 0.24278846153846154 0.15064102564102563 0.12980769230769232
3 0.46474358974358976 0.17307692307692307 0.23717948717948717 0.19951923076923078
3 0.4391025641025641 0.4230769230769231 0.1891025641025641 0.15144230769230768
3 0.03205128205128205 0.8461538461538461 0.0641025641025641 0.08173076923076923
3 0.022435897435897436 0.7403846153846154 0.04487179487179487 0.07451923076923077
3 0.16346153846153846 0.7139423076923077 0.08012820512820513 0.06009615384615385
3 0.08974358974358974 0.7283653846153846 0.08974358974358974 0.06009615384615385
4 0.04807692307692308 0.8149038461538461 0.08012820512820513 0.0625
4 0.33974358974358976 0.3798076923076923 0.13141025641025642 0.11538461538461539
4 0.375 0.4951923076923077 0.15705128205128205 0.11298076923076923
4 0.2916666666666667 0.46153846153846156 0.07051282051282051 0.05048076923076923
4 0.25961538461538464 0.4254807692307692 0.0673076923076923 0.04326923076923077
3 0.6185897435897436 0.375 0.1858974358974359 0.14903846153846154
3 0.7275641025641025 0.4639423076923077 0.15064102564102563 0.10817307692307693
5 0.7371794871794872 0.5697115384615384 0.14423076923076922 0.10336538461538461
5 0.5897435897435898 0.5528846153846154 0.13782051282051283 0.10336538461538461
4 0.7243589743589743 0.6850961538461539 0.10576923076923077 0.08173076923076923
4 0.6410256410256411 0.65625 0.13141025641025642 0.10336538461538461
4 0.5737179487179487 0.6442307692307693 0.09294871794871795 0.0889423076923077
4 0.6794871794871795 0.8052884615384616 0.060897435897435896 0.04807692307692308
4 0.6121794871794872 0.8149038461538461 0.08653846153846154 0.06009615384615385
4 0.5801282051282052 0.7548076923076923 0.13141025641025642 0.10096153846153846
4 0.48717948717948717 0.8100961538461539 0.11858974358974358 0.09375
4 0.16987179487179488 0.38461538461538464 0.035256410256410256 0.03125