3 0.5384615384615384 0.3798076923076923 0.125 0.12259615384615384
3 0.4358974358974359 0.49038461538461536 0.14423076923076922 0.125
5 0.5032051282051282 0.4543269230769231 0.10897435897435898 0.09615384615384616
5 0.483974358974359 0.5456730769230769 0.11217948717948718 0.08173076923076923
5 0.375 0.5769230769230769 0.1346153846153846 0.11298076923076923
4 0.4230769230769231 0.625 0.10897435897435898 0.09375
4 0.28525641025641024 0.6370192307692307 0.11858974358974358 0.11778846153846154
4 0.36538461538461536 0.6947115384615384 0.10576923076923077 0.09375
3 0.6987179487179487 0.8076923076923077 0.03205128205128205 0.038461538461538464
3 0.6858974358974359 0.8389423076923077 0.03205128205128205 0.036057692307692304
3 0.7467948717948718 0.84375 0.035256410256410256 0.019230769230769232
3 0.7115384615384616 0.8197115384615384 0.03205128205128205 0.036057692307692304
3 0.8012820512820513 0.8389423076923077 0.03205128205128205 0.038461538461538464
5 0.8076923076923077 0.8725961538461539 0.035256410256410256 0.03365384615384615
5 0.7756410256410257 0.8870192307692307 0.03205128205128205 0.03125
3 0.017628205128205128 0.5012019230769231 0.035256410256410256 0.05048076923076923
3 0.019230769230769232 0.53125 0.038461538461538464 0.03125
3 0.04807692307692308 0.49278846153846156 0.060897435897435896 0.04567307692307692
3 0.04487179487179487 0.5264423076923077 0.02564102564102564 0.038461538461538464
5 0.14102564102564102 0.06009615384615385 0.04487179487179487 0.04326923076923077
4 0.12179487179487179 0.09375 0.04487179487179487 0.03365384615384615
3 0.7724358974358975 0.5456730769230769 0.04807692307692308 0.04326923076923077
3 0.8237179487179487 0.4951923076923077 0.05448717948717949 0.04567307692307692
4 0.38461538461538464 0.11538461538461539 0.028846153846153848 0.036057692307692304
4 0.3557692307692308 0.14423076923076922 0.03205128205128205 0.03125
4 0.3974358974358974 0.14182692307692307 0.028846153846153848 0.03125
4 0.1858974358974359 0.15625 0.038461538461538464 0.038461538461538464
4 0.3717948717948718 0.1658653846153846 0.02564102564102564 0.028846153846153848
4 0.7596153846153846 0.5793269230769231 0.035256410256410256 0.03125