3 0.5833333333333334 0.3942307692307692 0.21153846153846154 0.15865384615384615
3 0.40384615384615385 0.49038461538461536 0.21153846153846154 0.15384615384615385
5 0.3525641025641026 0.6418269230769231 0.21153846153846154 0.15865384615384615
3 0.5833333333333334 0.5697115384615384 0.20512820512820512 0.15144230769230768
4 0.5096153846153846 0.7019230769230769 0.18269230769230768 0.14903846153846154
4 0.6089743589743589 0.7355769230769231 0.057692307692307696 0.0625
5 0.5737179487179487 0.8052884615384616 0.07371794871794872 0.052884615384615384
3 0.46794871794871795 0.7932692307692307 0.10256410256410256 0.0673076923076923
3 0.4230769230769231 0.7908653846153846 0.05128205128205128 0.06971153846153846
3 0.46153846153846156 0.8653846153846154 0.08974358974358974 0.06971153846153846
3 0.4775641025641026 0.8173076923076923 0.07692307692307693 0.036057692307692304