4 0.46153846153846156 0.1778846153846154 0.15705128205128205 0.15865384615384615
4 0.30128205128205127 0.1201923076923077 0.26282051282051283 0.21153846153846154
4 0.391025641025641 0.43990384615384615 0.15705128205128205 0.08173076923076923
4 0.3685897435897436 0.3629807692307692 0.20192307692307693 0.15144230769230768
4 0.2948717948717949 0.59375 0.125 0.0673076923076923
4 0.3108974358974359 0.5072115384615384 0.16987179487179488 0.125
3 0.5096153846153846 0.5120192307692307 0.1891025641025641 0.1466346153846154
3 0.5673076923076923 0.6586538461538461 0.23076923076923078 0.17307692307692307
3 0.1346153846153846 0.9471153846153846 0.09935897435897435 0.0985576923076923
3 0.1762820512820513 0.96875 0.060897435897435896 0.057692307692307696
3 0.02564102564102564 0.9230769230769231 0.04807692307692308 0.09375