4 0.5160256410256411 0.35336538461538464 0.14743589743589744 0.10817307692307693
4 0.5032051282051282 0.4495192307692308 0.1282051282051282 0.09134615384615384
4 0.3141025641025641 0.5240384615384616 0.15064102564102563 0.10576923076923077
4 0.532051282051282 0.5600961538461539 0.1346153846153846 0.0985576923076923
4 0.33974358974358976 0.6538461538461539 0.15064102564102563 0.10336538461538461
3 0.16346153846153846 0.7620192307692307 0.04807692307692308 0.03365384615384615
4 0.1858974358974359 0.7884615384615384 0.038461538461538464 0.028846153846153848
5 0.23717948717948717 0.7692307692307693 0.038461538461538464 0.03125
5 0.2532051282051282 0.8100961538461539 0.04487179487179487 0.038461538461538464
4 0.33974358974358976 0.7980769230769231 0.03205128205128205 0.02403846153846154
4 0.358974358974359 0.7908653846153846 0.022435897435897436 0.019230769230769232
4 0.40064102564102566 0.7163461538461539 0.09935897435897435 0.07451923076923077
4 0.5 0.6995192307692307 0.09935897435897435 0.08173076923076923
4 0.5544871794871795 0.6322115384615384 0.12179487179487179 0.08653846153846154