4 0.7019230769230769 0.026442307692307692 0.1891025641025641 0.052884615384615384
4 0.6602564102564102 0.19471153846153846 0.1762820512820513 0.1466346153846154
4 0.6698717948717948 0.28365384615384615 0.13141025641025642 0.06490384615384616
3 0.49038461538461536 0.36778846153846156 0.11858974358974358 0.09375
3 0.625 0.3894230769230769 0.1282051282051282 0.10096153846153846
4 0.7051282051282052 0.4110576923076923 0.125 0.0889423076923077
3 0.5160256410256411 0.4831730769230769 0.14743589743589744 0.10336538461538461
3 0.6762820512820513 0.4735576923076923 0.14423076923076922 0.06971153846153846
3 0.3974358974358974 0.5216346153846154 0.13141025641025642 0.10576923076923077
4 0.5769230769230769 0.5625 0.11858974358974358 0.09134615384615384
4 0.6762820512820513 0.5072115384615384 0.1346153846153846 0.08413461538461539
4 0.6506410256410257 0.59375 0.11217948717948718 0.08173076923076923
5 0.4967948717948718 0.6057692307692307 0.1346153846153846 0.10096153846153846
4 0.5608974358974359 0.6322115384615384 0.0673076923076923 0.04807692307692308
5 0.4326923076923077 0.6177884615384616 0.08333333333333333 0.09375
4 0.5256410256410257 0.7019230769230769 0.11538461538461539 0.09615384615384616
4 0.44871794871794873 0.71875 0.08974358974358974 0.08173076923076923
3 0.3333333333333333 0.7668269230769231 0.08974358974358974 0.07211538461538461
3 0.4230769230769231 0.7764423076923077 0.08653846153846154 0.0673076923076923
4 0.5128205128205128 0.8028846153846154 0.12179487179487179 0.09134615384615384
4 0.42628205128205127 0.8461538461538461 0.10256410256410256 0.08173076923076923
3 0.3557692307692308 0.8293269230769231 0.09294871794871795 0.07692307692307693
4 0.28846153846153844 0.8629807692307693 0.05448717948717949 0.04567307692307692
4 0.2467948717948718 0.8990384615384616 0.060897435897435896 0.05048076923076923
4 0.04487179487179487 0.8149038461538461 0.04807692307692308 0.036057692307692304
4 0.035256410256410256 0.8557692307692307 0.035256410256410256 0.03365384615384615
4 0.01282051282051282 0.8557692307692307 0.02564102564102564 0.036057692307692304
5 0.020833333333333332 0.7283653846153846 0.041666666666666664 0.04326923076923077
4 0.02564102564102564 0.75 0.041666666666666664 0.03365384615384615
4 0.011217948717948718 0.7451923076923077 0.022435897435897436 0.04326923076923077
4 0.01282051282051282 0.6802884615384616 0.02564102564102564 0.052884615384615384
4 0.008012820512820512 0.8088942307692307 0.016025641025641024 0.036057692307692304
4 0.14423076923076922 0.10336538461538461 0.05448717948717949 0.05048076923076923
4 0.1794871794871795 0.16346153846153846 0.04487179487179487 0.036057692307692304
4 0.1891025641025641 0.11538461538461539 0.04807692307692308 0.04326923076923077
4 0.18269230769230768 0.20192307692307693 0.028846153846153848 0.021634615384615384
4 0.30448717948717946 0.19230769230769232 0.041666666666666664 0.03365384615384615
4 0.34935897435897434 0.18509615384615385 0.04807692307692308 0.036057692307692304
4 0.13782051282051283 0.028846153846153848 0.057692307692307696 0.05048076923076923
4 0.08653846153846154 0.021634615384615384 0.04807692307692308 0.04326923076923077
4 0.34615384615384615 0.23317307692307693 0.038461538461538464 0.021634615384615384
4 0.14743589743589744 0.18509615384615385 0.022435897435897436 0.014423076923076924