5 0.3557692307692308 0.9567307692307693 0.019230769230769232 0.03365384615384615
5 0.27564102564102566 0.8629807692307693 0.038461538461538464 0.036057692307692304
4 0.20833333333333334 0.7932692307692307 0.038461538461538464 0.036057692307692304
4 0.1762820512820513 0.7427884615384616 0.04487179487179487 0.03365384615384615
4 0.16987179487179488 0.7884615384615384 0.038461538461538464 0.026442307692307692
4 0.3814102564102564 0.7908653846153846 0.03205128205128205 0.026442307692307692
4 0.34294871794871795 0.7932692307692307 0.035256410256410256 0.03125
4 0.2564102564102564 0.7668269230769231 0.04807692307692308 0.036057692307692304
4 0.2692307692307692 0.7379807692307693 0.05128205128205128 0.040865384615384616
4 0.32371794871794873 0.7692307692307693 0.04487179487179487 0.03125
4 0.3173076923076923 0.7355769230769231 0.04807692307692308 0.038461538461538464
4 0.38461538461538464 0.7596153846153846 0.04487179487179487 0.036057692307692304
5 0.36538461538461536 0.7115384615384616 0.038461538461538464 0.040865384615384616
4 0.3974358974358974 0.6923076923076923 0.08653846153846154 0.07211538461538461
4 0.3173076923076923 0.6899038461538461 0.0673076923076923 0.052884615384615384
4 0.6314102564102564 0.6947115384615384 0.08333333333333333 0.05048076923076923
4 0.30448717948717946 0.6394230769230769 0.10576923076923077 0.07211538461538461
4 0.4423076923076923 0.6298076923076923 0.10256410256410256 0.07451923076923077
4 0.358974358974359 0.5769230769230769 0.11858974358974358 0.08173076923076923
4 0.6282051282051282 0.6442307692307693 0.08974358974358974 0.07451923076923077
4 0.6666666666666666 0.6009615384615384 0.08333333333333333 0.052884615384615384
4 0.6858974358974359 0.5504807692307693 0.08974358974358974 0.06971153846153846
4 0.592948717948718 0.5673076923076923 0.10897435897435898 0.07692307692307693
4 0.48717948717948717 0.5649038461538461 0.10576923076923077 0.07451923076923077
5 0.6634615384615384 0.4375 0.10576923076923077 0.07932692307692307
5 0.40384615384615385 0.49759615384615385 0.14102564102564102 0.0985576923076923
4 0.42948717948717946 0.37259615384615385 0.04487179487179487 0.03125
4 0.42628205128205127 0.4206730769230769 0.035256410256410256 0.026442307692307692
4 0.5544871794871795 0.4879807692307692 0.028846153846153848 0.02403846153846154
4 0.46474358974358976 0.37259615384615385 0.03205128205128205 0.03125
4 0.6057692307692307 0.052884615384615384 0.05448717948717949 0.03365384615384615
4 0.6666666666666666 0.11298076923076923 0.04807692307692308 0.04567307692307692
4 0.6185897435897436 0.13701923076923078 0.038461538461538464 0.038461538461538464
4 0.6730769230769231 0.15144230769230768 0.04487179487179487 0.036057692307692304
4 0.6153846153846154 0.19230769230769232 0.04807692307692308 0.036057692307692304
4 0.6698717948717948 0.21153846153846154 0.041666666666666664 0.028846153846153848
4 0.6474358974358975 0.24278846153846154 0.041666666666666664 0.028846153846153848
4 0.6089743589743589 0.2283653846153846 0.028846153846153848 0.03125
4 0.6314102564102564 0.2764423076923077 0.03205128205128205 0.028846153846153848
4 0.5897435897435898 0.29086538461538464 0.03205128205128205 0.026442307692307692
4 0.6121794871794872 0.30288461538461536 0.02564102564102564 0.021634615384615384
4 0.47435897435897434 0.31971153846153844 0.028846153846153848 0.03125
3 0.34615384615384615 0.33413461538461536 0.03205128205128205 0.026442307692307692
4 0.38782051282051283 0.3942307692307692 0.03205128205128205 0.02403846153846154
4 0.34294871794871795 0.40625 0.028846153846153848 0.02403846153846154
5 0.3942307692307692 0.3605769230769231 0.03205128205128205 0.026442307692307692
5 0.4198717948717949 0.34615384615384615 0.03205128205128205 0.028846153846153848
4 0.3814102564102564 0.42788461538461536 0.028846153846153848 0.02403846153846154
4 0.6121794871794872 0.40625 0.02564102564102564 0.02403846153846154
4 0.5576923076923077 0.46875 0.019230769230769232 0.02403846153846154
4 0.5801282051282052 0.4230769230769231 0.016025641025641024 0.026442307692307692
5 0.4807692307692308 0.3389423076923077 0.019230769230769232 0.028846153846153848
4 0.6057692307692307 0.46634615384615385 0.022435897435897436 0.016826923076923076