4 0.8717948717948718 0.16826923076923078 0.038461538461538464 0.026442307692307692
4 0.8173076923076923 0.21153846153846154 0.041666666666666664 0.03365384615384615
4 0.9102564102564102 0.1466346153846154 0.038461538461538464 0.028846153846153848
4 0.5224358974358975 0.3245192307692308 0.038461538461538464 0.0673076923076923
4 0.5576923076923077 0.4326923076923077 0.08653846153846154 0.06490384615384616
4 0.4551282051282051 0.38461538461538464 0.08974358974358974 0.057692307692307696
4 0.41025641025641024 0.4567307692307692 0.0673076923076923 0.055288461538461536
4 0.4583333333333333 0.44711538461538464 0.05128205128205128 0.028846153846153848
4 0.4551282051282051 0.4807692307692308 0.07051282051282051 0.04807692307692308
4 0.4807692307692308 0.5240384615384616 0.035256410256410256 0.028846153846153848
4 0.3942307692307692 0.5168269230769231 0.041666666666666664 0.03365384615384615
4 0.3301282051282051 0.5504807692307693 0.038461538461538464 0.028846153846153848
4 0.375 0.6153846153846154 0.04487179487179487 0.03125
4 0.41025641025641024 0.6971153846153846 0.038461538461538464 0.026442307692307692
4 0.5160256410256411 0.6201923076923077 0.04487179487179487 0.03125
4 0.32051282051282054 0.5649038461538461 0.022435897435897436 0.016826923076923076