3 0.13141025641025642 0.24759615384615385 0.03205128205128205 0.02403846153846154
5 0.016025641025641024 0.30288461538461536 0.03205128205128205 0.038461538461538464
5 0.09935897435897435 0.2860576923076923 0.04807692307692308 0.03365384615384615
4 0.05128205128205128 0.30288461538461536 0.04487179487179487 0.03365384615384615
4 0.08653846153846154 0.3173076923076923 0.041666666666666664 0.03125
5 0.23717948717948717 0.44711538461538464 0.03205128205128205 0.019230769230769232
4 0.2467948717948718 0.4326923076923077 0.028846153846153848 0.02403846153846154
3 0.28205128205128205 0.43028846153846156 0.035256410256410256 0.026442307692307692
5 0.34615384615384615 0.43028846153846156 0.035256410256410256 0.02403846153846154
4 0.3301282051282051 0.4182692307692308 0.028846153846153848 0.021634615384615384
3 0.3525641025641026 0.33653846153846156 0.038461538461538464 0.036057692307692304
5 0.4198717948717949 0.3389423076923077 0.04807692307692308 0.038461538461538464
4 0.3782051282051282 0.3629807692307692 0.04487179487179487 0.036057692307692304
4 0.3814102564102564 0.3870192307692308 0.04487179487179487 0.026442307692307692
5 0.46474358974358976 0.45913461538461536 0.05128205128205128 0.036057692307692304
5 0.5256410256410257 0.4735576923076923 0.041666666666666664 0.03365384615384615
5 0.4775641025641026 0.5144230769230769 0.08333333333333333 0.06009615384615385
5 0.6153846153846154 0.5552884615384616 0.08333333333333333 0.052884615384615384
4 0.47435897435897434 0.5745192307692307 0.07371794871794872 0.052884615384615384
3 0.44551282051282054 0.6442307692307693 0.09615384615384616 0.0673076923076923
4 0.46474358974358976 0.6971153846153846 0.04487179487179487 0.036057692307692304
4 0.5448717948717948 0.6538461538461539 0.08012820512820513 0.06490384615384616
4 0.5769230769230769 0.6730769230769231 0.04487179487179487 0.038461538461538464
4 0.6185897435897436 0.6201923076923077 0.07051282051282051 0.04807692307692308
4 0.49038461538461536 0.7355769230769231 0.0641025641025641 0.04807692307692308
4 0.5448717948717948 0.7572115384615384 0.057692307692307696 0.052884615384615384
4 0.5833333333333334 0.7451923076923077 0.04807692307692308 0.04567307692307692
4 0.6730769230769231 0.7884615384615384 0.0641025641025641 0.04807692307692308
4 0.7788461538461539 0.8125 0.04807692307692308 0.04326923076923077
5 0.7532051282051282 0.8245192307692307 0.0673076923076923 0.06009615384615385
3 0.8717948717948718 0.3245192307692308 0.041666666666666664 0.021634615384615384
4 0.8910256410256411 0.34615384615384615 0.05128205128205128 0.028846153846153848