4 0.4198717948717949 0.21153846153846154 0.19230769230769232 0.18269230769230768
4 0.2948717948717949 0.25240384615384615 0.25961538461538464 0.21153846153846154
5 0.038461538461538464 0.4639423076923077 0.07692307692307693 0.06971153846153846
4 0.25961538461538464 0.4831730769230769 0.1858974358974359 0.125
4 0.391025641025641 0.5336538461538461 0.125 0.0889423076923077
4 0.28205128205128205 0.5793269230769231 0.15705128205128205 0.11538461538461539
4 0.3782051282051282 0.6033653846153846 0.060897435897435896 0.0625
4 0.30448717948717946 0.6538461538461539 0.11858974358974358 0.0673076923076923
3 0.03205128205128205 0.7956730769230769 0.0641025641025641 0.06490384615384616
4 0.5544871794871795 0.5096153846153846 0.15384615384615385 0.1201923076923077
4 0.5512820512820513 0.6802884615384616 0.15705128205128205 0.12740384615384615
4 0.7211538461538461 0.8389423076923077 0.16025641025641027 0.13942307692307693
4 0.6794871794871795 0.9326923076923077 0.10897435897435898 0.09375
4 0.5673076923076923 0.8052884615384616 0.04487179487179487 0.03365384615384615
4 0.5 0.8509615384615384 0.022435897435897436 0.021634615384615384
4 0.5480769230769231 0.9254807692307693 0.02564102564102564 0.02403846153846154
4 0.041666666666666664 0.8822115384615384 0.057692307692307696 0.04326923076923077
4 0.05448717948717949 0.9206730769230769 0.04807692307692308 0.036057692307692304