3 0.32051282051282054 0.29086538461538464 0.19230769230769232 0.1466346153846154
3 0.483974358974359 0.25721153846153844 0.14743589743589744 0.11298076923076923
5 0.47115384615384615 0.3894230769230769 0.15064102564102563 0.11057692307692307
3 0.36217948717948717 0.3605769230769231 0.18269230769230768 0.125
5 0.28525641025641024 0.46153846153846156 0.16987179487179488 0.11778846153846154
5 0.6153846153846154 0.4423076923076923 0.14102564102564102 0.10336538461538461
4 0.5128205128205128 0.5240384615384616 0.16346153846153846 0.12259615384615384
4 0.6314102564102564 0.5889423076923077 0.14743589743589744 0.11538461538461539
4 0.5416666666666666 0.6730769230769231 0.1346153846153846 0.10576923076923077
4 0.4423076923076923 0.7331730769230769 0.125 0.0985576923076923
4 0.15705128205128205 0.5504807692307693 0.125 0.09375
4 0.34935897435897434 0.6995192307692307 0.07371794871794872 0.055288461538461536