3 0.046474358974358976 0.6069711538461539 0.09294871794871795 0.10817307692307693
3 0.5801282051282052 0.5961538461538461 0.08333333333333333 0.06971153846153846
3 0.6506410256410257 0.5913461538461539 0.07692307692307693 0.06971153846153846
3 0.7403846153846154 0.6754807692307693 0.11858974358974358 0.08413461538461539
3 0.7692307692307693 0.7139423076923077 0.09615384615384616 0.06490384615384616
4 0.8397435897435898 0.7211538461538461 0.07371794871794872 0.055288461538461536
4 0.7948717948717948 0.6081730769230769 0.08012820512820513 0.057692307692307696
3 0.22435897435897437 0.29086538461538464 0.035256410256410256 0.03125
5 0.2467948717948718 0.27403846153846156 0.03205128205128205 0.03125
4 0.32051282051282054 0.027644230769230768 0.11538461538461539 0.055288461538461536
4 0.32371794871794873 0.09375 0.09935897435897435 0.07211538461538461
4 0.46474358974358976 0.025240384615384616 0.10256410256410256 0.05048076923076923
5 0.4935897435897436 0.015625 0.10256410256410256 0.03125
5 0.655448717948718 0.039663461538461536 0.11217948717948718 0.07932692307692307
5 0.6089743589743589 0.10817307692307693 0.10576923076923077 0.09375
4 0.4583333333333333 0.1778846153846154 0.07692307692307693 0.07932692307692307
4 0.5256410256410257 0.19951923076923078 0.07051282051282051 0.06971153846153846
4 0.5641025641025641 0.1875 0.07371794871794872 0.0889423076923077
5 0.7756410256410257 0.021634615384615384 0.09935897435897435 0.04326923076923077
4 0.6923076923076923 0.10096153846153846 0.08653846153846154 0.09375
4 0.842948717948718 0.04567307692307692 0.09294871794871795 0.09134615384615384
4 0.7339743589743589 0.12980769230769232 0.07692307692307693 0.08413461538461539
4 0.8653846153846154 0.11778846153846154 0.08653846153846154 0.07932692307692307
4 0.9262820512820513 0.17307692307692307 0.060897435897435896 0.0625
4 0.8814102564102564 0.18509615384615385 0.04487179487179487 0.06490384615384616
4 0.7948717948717948 0.1875 0.057692307692307696 0.057692307692307696
4 0.9423076923076923 0.19471153846153846 0.05448717948717949 0.04567307692307692
4 0.8814102564102564 0.23557692307692307 0.05448717948717949 0.05048076923076923
4 0.8141025641025641 0.23076923076923078 0.041666666666666664 0.04567307692307692
3 0.9134615384615384 0.0889423076923077 0.028846153846153848 0.026442307692307692
3 0.15064102564102563 0.21153846153846154 0.028846153846153848 0.019230769230769232