3 0.9102564102564102 0.06971153846153846 0.17307692307692307 0.13942307692307693
3 0.09134615384615384 0.31490384615384615 0.18269230769230768 0.19230769230769232
3 0.2724358974358974 0.40625 0.2692307692307692 0.1875
4 0.0673076923076923 0.10576923076923077 0.08653846153846154 0.06971153846153846
4 0.04487179487179487 0.18028846153846154 0.08012820512820513 0.06490384615384616
5 0.09935897435897435 0.1875 0.060897435897435896 0.052884615384615384
3 0.5448717948717948 0.4230769230769231 0.1762820512820513 0.1346153846153846
3 0.391025641025641 0.4951923076923077 0.1794871794871795 0.1346153846153846
3 0.5448717948717948 0.5528846153846154 0.1762820512820513 0.13221153846153846
3 0.3974358974358974 0.6274038461538461 0.18269230769230768 0.13701923076923078
4 0.5384615384615384 0.6850961538461539 0.15705128205128205 0.11298076923076923