4 0.967948717948718 0.3004807692307692 0.057692307692307696 0.06971153846153846
4 0.9551282051282052 0.25721153846153844 0.08012820512820513 0.055288461538461536
4 0.8910256410256411 0.18509615384615385 0.09294871794871795 0.06971153846153846
4 0.8974358974358975 0.12740384615384615 0.08012820512820513 0.06009615384615385
4 0.8044871794871795 0.10096153846153846 0.08974358974358974 0.07211538461538461
4 0.7243589743589743 0.15144230769230768 0.07051282051282051 0.03365384615384615
4 0.3782051282051282 0.0625 0.07051282051282051 0.06490384615384616
4 0.12179487179487179 0.057692307692307696 0.125 0.07211538461538461
3 0.10897435897435898 0.13221153846153846 0.1794871794871795 0.13701923076923078
3 0.1762820512820513 0.39903846153846156 0.18269230769230768 0.12980769230769232
4 0.04326923076923077 0.4026442307692308 0.08653846153846154 0.10817307692307693
3 0.30448717948717946 0.3293269230769231 0.1762820512820513 0.125
4 0.23076923076923078 0.23317307692307693 0.125 0.10096153846153846
4 0.17307692307692307 0.31009615384615385 0.125 0.08653846153846154
4 0.2948717948717949 0.24759615384615385 0.04487179487179487 0.04567307692307692
4 0.3301282051282051 0.2668269230769231 0.041666666666666664 0.02403846153846154
5 0.3782051282051282 0.53125 0.19230769230769232 0.13221153846153846
4 0.27884615384615385 0.6009615384615384 0.14102564102564102 0.10336538461538461
4 0.1955128205128205 0.5384615384615384 0.11217948717948718 0.08653846153846154
4 0.19230769230769232 0.4831730769230769 0.041666666666666664 0.028846153846153848
4 0.3557692307692308 0.46153846153846156 0.07051282051282051 0.03365384615384615
4 0.5288461538461539 0.5336538461538461 0.1346153846153846 0.10096153846153846
4 0.3269230769230769 0.7163461538461539 0.09935897435897435 0.09134615384615384
4 0.4391025641025641 0.71875 0.15064102564102563 0.125
4 0.5737179487179487 0.6466346153846154 0.11538461538461539 0.09134615384615384
4 0.5256410256410257 0.84375 0.12179487179487179 0.10336538461538461
4 0.6602564102564102 0.6706730769230769 0.08333333333333333 0.0625
4 0.7564102564102564 0.5264423076923077 0.11217948717948718 0.08413461538461539
4 0.875 0.6634615384615384 0.0641025641025641 0.04807692307692308