4 0.2692307692307692 0.9399038461538461 0.05448717948717949 0.040865384615384616
4 0.22756410256410256 0.9447115384615384 0.041666666666666664 0.03365384615384615
5 0.21153846153846154 0.9254807692307693 0.05128205128205128 0.038461538461538464
4 0.46794871794871795 0.8125 0.041666666666666664 0.03365384615384615
4 0.46794871794871795 0.8605769230769231 0.041666666666666664 0.03125
4 0.44551282051282054 0.4639423076923077 0.035256410256410256 0.02403846153846154
4 0.40384615384615385 0.4567307692307692 0.035256410256410256 0.026442307692307692
4 0.3942307692307692 0.47596153846153844 0.038461538461538464 0.028846153846153848
4 0.4166666666666667 0.5144230769230769 0.035256410256410256 0.028846153846153848
4 0.36538461538461536 0.49759615384615385 0.035256410256410256 0.026442307692307692
4 0.34615384615384615 0.47115384615384615 0.041666666666666664 0.028846153846153848
4 0.40705128205128205 0.5336538461538461 0.028846153846153848 0.021634615384615384