4 0.1987179487179487 0.2644230769230769 0.22756410256410256 0.18028846153846154
4 0.16987179487179488 0.14423076923076922 0.11217948717948718 0.06490384615384616
4 0.07692307692307693 0.19471153846153846 0.15064102564102563 0.14182692307692307
4 0.10256410256410256 0.04567307692307692 0.15064102564102563 0.09134615384615384
4 0.1282051282051282 0.4014423076923077 0.14102564102564102 0.10336538461538461
4 0.041666666666666664 0.3605769230769231 0.08012820512820513 0.09134615384615384
5 0.28205128205128205 0.0673076923076923 0.22115384615384615 0.1346153846153846
4 0.2980769230769231 0.39663461538461536 0.19230769230769232 0.15144230769230768
4 0.2916666666666667 0.6298076923076923 0.16025641025641027 0.17307692307692307
4 0.20192307692307693 0.6346153846153846 0.07692307692307693 0.11778846153846154
3 0.44871794871794873 0.6033653846153846 0.3269230769230769 0.23557692307692307
4 0.32051282051282054 0.8653846153846154 0.16346153846153846 0.1346153846153846
4 0.6634615384615384 0.34375 0.24358974358974358 0.18028846153846154
4 0.8333333333333334 0.46634615384615385 0.22756410256410256 0.16826923076923078
4 0.6314102564102564 0.65625 0.14743589743589744 0.11298076923076923
4 0.5961538461538461 0.7860576923076923 0.24358974358974358 0.1875
5 0.6858974358974359 0.12980769230769232 0.16666666666666666 0.1346153846153846
4 0.7467948717948718 0.9495192307692307 0.1762820512820513 0.09375
4 0.9487179487179487 0.8509615384615384 0.09615384615384616 0.11538461538461539
4 0.9262820512820513 0.7788461538461539 0.13141025641025642 0.09375
4 0.6538461538461539 0.8918269230769231 0.09615384615384616 0.07211538461538461
4 0.907051282051282 0.7043269230769231 0.09294871794871795 0.06490384615384616
4 0.657051282051282 0.22596153846153846 0.11858974358974358 0.0673076923076923