5 0.38461538461538464 0.49038461538461536 0.1762820512820513 0.12980769230769232
4 0.3974358974358974 0.3798076923076923 0.1282051282051282 0.10576923076923077
4 0.44551282051282054 0.5288461538461539 0.125 0.10576923076923077
4 0.4967948717948718 0.5528846153846154 0.09615384615384616 0.08413461538461539
5 0.6314102564102564 0.5 0.21153846153846154 0.13221153846153846
4 0.6346153846153846 0.5697115384615384 0.14423076923076922 0.05048076923076923
4 0.5897435897435898 0.6514423076923077 0.15705128205128205 0.11778846153846154
4 0.6987179487179487 0.6442307692307693 0.10576923076923077 0.09615384615384616
4 0.5801282051282052 0.7548076923076923 0.1282051282051282 0.09375
4 0.5897435897435898 0.84375 0.11538461538461539 0.09134615384615384
3 0.3525641025641026 0.8774038461538461 0.04807692307692308 0.052884615384615384
4 0.6538461538461539 0.8677884615384616 0.08974358974358974 0.08173076923076923
4 0.7243589743589743 0.8293269230769231 0.10897435897435898 0.08173076923076923
3 0.8141025641025641 0.6826923076923077 0.07371794871794872 0.05048076923076923
5 0.7307692307692307 0.75 0.0673076923076923 0.05048076923076923
3 0.7724358974358975 0.7932692307692307 0.07371794871794872 0.04326923076923077
4 0.8782051282051282 0.9495192307692307 0.04807692307692308 0.055288461538461536
3 0.7980769230769231 0.8461538461538461 0.060897435897435896 0.06490384615384616
4 0.03205128205128205 0.35096153846153844 0.04487179487179487 0.036057692307692304