3 0.5865384615384616 0.20432692307692307 0.1762820512820513 0.12740384615384615
3 0.49038461538461536 0.3629807692307692 0.12179487179487179 0.13701923076923078
3 0.3525641025641026 0.36778846153846156 0.1891025641025641 0.16826923076923078
3 0.3301282051282051 0.4519230769230769 0.15064102564102563 0.07211538461538461
3 0.5224358974358975 0.5024038461538461 0.125 0.12259615384615384
4 0.4519230769230769 0.45913461538461536 0.10897435897435898 0.06490384615384616
5 0.38461538461538464 0.5336538461538461 0.16987179487179488 0.14182692307692307
5 0.2724358974358974 0.5336538461538461 0.09935897435897435 0.10096153846153846
4 0.3108974358974359 0.6225961538461539 0.10897435897435898 0.08413461538461539
4 0.3173076923076923 0.7019230769230769 0.08012820512820513 0.11298076923076923
4 0.375 0.6778846153846154 0.13141025641025642 0.13221153846153846
4 0.4807692307692308 0.6033653846153846 0.11217948717948718 0.10096153846153846
4 0.6506410256410257 0.4543269230769231 0.14102564102564102 0.12259615384615384
4 0.6955128205128205 0.5600961538461539 0.16025641025641027 0.10336538461538461
4 0.5480769230769231 0.6466346153846154 0.057692307692307696 0.06009615384615385
4 0.6121794871794872 0.5721153846153846 0.09294871794871795 0.0889423076923077
4 0.7115384615384616 0.6682692307692307 0.11538461538461539 0.0889423076923077
4 0.6762820512820513 0.7307692307692307 0.09935897435897435 0.08653846153846154
4 0.7852564102564102 0.7259615384615384 0.09615384615384616 0.08173076923076923