1 0.035256410256410256 0.6129807692307693 0.0641025641025641 0.052884615384615384
1 0.028846153846153848 0.5697115384615384 0.04487179487179487 0.040865384615384616
1 0.16987179487179488 0.29086538461538464 0.038461538461538464 0.026442307692307692
1 0.1282051282051282 0.3173076923076923 0.041666666666666664 0.014423076923076924
1 0.10256410256410256 0.31009615384615385 0.035256410256410256 0.019230769230769232
1 0.5865384615384616 0.23076923076923078 0.041666666666666664 0.03125
1 0.5608974358974359 0.25240384615384615 0.05128205128205128 0.038461538461538464
1 0.532051282051282 0.21153846153846154 0.028846153846153848 0.021634615384615384
1 0.5032051282051282 0.2283653846153846 0.05128205128205128 0.038461538461538464
1 0.46474358974358976 0.27163461538461536 0.05448717948717949 0.038461538461538464
1 0.6217948717948718 0.5264423076923077 0.041666666666666664 0.036057692307692304
1 0.6538461538461539 0.4639423076923077 0.02564102564102564 0.019230769230769232
1 0.5993589743589743 0.46875 0.057692307692307696 0.04807692307692308
1 0.5576923076923077 0.53125 0.08653846153846154 0.06490384615384616
1 0.5160256410256411 0.5769230769230769 0.0641025641025641 0.04807692307692308
1 0.44871794871794873 0.5576923076923077 0.04487179487179487 0.03365384615384615
1 0.46474358974358976 0.5168269230769231 0.10256410256410256 0.07932692307692307