4 0.41346153846153844 0.18028846153846154 0.20833333333333334 0.1778846153846154
4 0.38461538461538464 0.37740384615384615 0.22115384615384615 0.18028846153846154
4 0.5769230769230769 0.4230769230769231 0.1346153846153846 0.10576923076923077
4 0.8717948717948718 0.5072115384615384 0.09935897435897435 0.08413461538461539
4 0.6506410256410257 0.5048076923076923 0.1346153846153846 0.11057692307692307
4 0.47115384615384615 0.5528846153846154 0.16666666666666666 0.12259615384615384
4 0.6506410256410257 0.6177884615384616 0.12179487179487179 0.09375
4 0.7756410256410257 0.6875 0.09935897435897435 0.08413461538461539
4 0.47115384615384615 0.6971153846153846 0.08012820512820513 0.06009615384615385
4 0.5064102564102564 0.6514423076923077 0.11538461538461539 0.09134615384615384
4 0.2692307692307692 0.6466346153846154 0.20833333333333334 0.13942307692307693
3 0.07051282051282051 0.5649038461538461 0.07371794871794872 0.05048076923076923
5 0.11538461538461539 0.65625 0.0673076923076923 0.05048076923076923
4 0.16346153846153846 0.7788461538461539 0.1762820512820513 0.13221153846153846
4 0.8205128205128205 0.7331730769230769 0.08333333333333333 0.0673076923076923
4 0.16666666666666666 0.8870192307692307 0.16346153846153846 0.11778846153846154
4 0.3333333333333333 0.90625 0.11538461538461539 0.11057692307692307
4 0.8846153846153846 0.5913461538461539 0.08333333333333333 0.057692307692307696
4 0.2948717948717949 0.40384615384615385 0.09935897435897435 0.11538461538461539
4 0.1282051282051282 0.71875 0.060897435897435896 0.04326923076923077
5 0.028846153846153848 0.7331730769230769 0.057692307692307696 0.04807692307692308