4 0.8173076923076923 0.1466346153846154 0.16346153846153846 0.12980769230769232
4 0.6987179487179487 0.2091346153846154 0.08974358974358974 0.10336538461538461
3 0.5897435897435898 0.18990384615384615 0.21794871794871795 0.17067307692307693
4 0.782051282051282 0.36538461538461536 0.14423076923076922 0.10576923076923077
4 0.6762820512820513 0.39903846153846156 0.08653846153846154 0.08653846153846154
4 0.5833333333333334 0.39903846153846156 0.14102564102564102 0.10576923076923077
4 0.5032051282051282 0.36778846153846156 0.1282051282051282 0.10336538461538461
3 0.4807692307692308 0.30288461538461536 0.08653846153846154 0.06009615384615385
4 0.4519230769230769 0.4807692307692308 0.16346153846153846 0.11778846153846154
4 0.27564102564102566 0.4543269230769231 0.16987179487179488 0.125
4 0.5256410256410257 0.5288461538461539 0.11217948717948718 0.08413461538461539
4 0.4358974358974359 0.5769230769230769 0.11538461538461539 0.09375
4 0.33974358974358976 0.5456730769230769 0.10576923076923077 0.07692307692307693
4 0.4166666666666667 0.6610576923076923 0.10256410256410256 0.07692307692307693
4 0.28205128205128205 0.6802884615384616 0.041666666666666664 0.03365384615384615
3 0.1794871794871795 0.6033653846153846 0.11217948717948718 0.08173076923076923
4 0.20192307692307693 0.6682692307692307 0.12179487179487179 0.09134615384615384
4 0.15705128205128205 0.7259615384615384 0.08012820512820513 0.052884615384615384
3 0.09615384615384616 0.6682692307692307 0.11858974358974358 0.09375
5 0.1346153846153846 0.7788461538461539 0.11217948717948718 0.07932692307692307
4 0.266025641025641 0.8269230769230769 0.08012820512820513 0.0625
4 0.1891025641025641 0.8533653846153846 0.09294871794871795 0.07211538461538461
4 0.21153846153846154 0.8942307692307693 0.07692307692307693 0.057692307692307696
4 0.4230769230769231 0.8149038461538461 0.0641025641025641 0.052884615384615384
4 0.5737179487179487 0.7740384615384616 0.09935897435897435 0.08173076923076923
4 0.5544871794871795 0.6802884615384616 0.11858974358974358 0.09134615384615384
4 0.7628205128205128 0.47596153846153844 0.125 0.08413461538461539
4 0.657051282051282 0.5264423076923077 0.09615384615384616 0.0673076923076923
4 0.6378205128205128 0.5576923076923077 0.04487179487179487 0.03365384615384615
4 0.7275641025641025 0.59375 0.07371794871794872 0.05048076923076923
4 0.6762820512820513 0.6201923076923077 0.05448717948717949 0.040865384615384616
4 0.6282051282051282 0.6057692307692307 0.019230769230769232 0.014423076923076924
4 0.47115384615384615 0.4182692307692308 0.08012820512820513 0.04326923076923077