5 0.5608974358974359 0.34375 0.14743589743589744 0.11057692307692307
3 0.27884615384615385 0.3581730769230769 0.1891025641025641 0.1466346153846154
5 0.4807692307692308 0.43509615384615385 0.15384615384615385 0.11057692307692307
4 0.483974358974359 0.5889423076923077 0.15064102564102563 0.10817307692307693
4 0.4967948717948718 0.7235576923076923 0.125 0.10096153846153846
4 0.3141025641025641 0.6995192307692307 0.16346153846153846 0.11778846153846154
4 0.3141025641025641 0.7932692307692307 0.14102564102564102 0.09375
4 0.46474358974358976 0.8028846153846154 0.11538461538461539 0.08653846153846154
4 0.391025641025641 0.8557692307692307 0.07051282051282051 0.057692307692307696
4 0.30128205128205127 0.8774038461538461 0.10256410256410256 0.07932692307692307
4 0.0641025641025641 0.8725961538461539 0.05448717948717949 0.04326923076923077
5 0.13141025641025642 0.8149038461538461 0.041666666666666664 0.036057692307692304
5 0.05128205128205128 0.7836538461538461 0.05128205128205128 0.036057692307692304
4 0.08012820512820513 0.30528846153846156 0.038461538461538464 0.03125
4 0.11858974358974358 0.3557692307692308 0.038461538461538464 0.026442307692307692
4 0.13141025641025642 0.38461538461538464 0.035256410256410256 0.02403846153846154
4 0.04487179487179487 0.3701923076923077 0.041666666666666664 0.028846153846153848
4 0.03205128205128205 0.35096153846153844 0.038461538461538464 0.02403846153846154
4 0.08012820512820513 0.4014423076923077 0.035256410256410256 0.026442307692307692
4 0.11538461538461539 0.4230769230769231 0.03205128205128205 0.021634615384615384
4 0.01282051282051282 0.4014423076923077 0.02564102564102564 0.028846153846153848
4 0.12179487179487179 0.7091346153846154 0.028846153846153848 0.021634615384615384
3 0.11538461538461539 0.6923076923076923 0.03205128205128205 0.021634615384615384
4 0.16346153846153846 0.8677884615384616 0.038461538461538464 0.036057692307692304
4 0.0673076923076923 0.8293269230769231 0.04807692307692308 0.03365384615384615
4 0.019230769230769232 0.8774038461538461 0.038461538461538464 0.040865384615384616
3 0.011217948717948718 0.8545673076923077 0.022435897435897436 0.040865384615384616
4 0.1891025641025641 0.7860576923076923 0.03205128205128205 0.02403846153846154
4 0.1346153846153846 0.9110576923076923 0.038461538461538464 0.03125
4 0.07692307692307693 0.9639423076923077 0.041666666666666664 0.038461538461538464
4 0.11538461538461539 0.9615384615384616 0.038461538461538464 0.03365384615384615
5 0.13782051282051283 0.7716346153846154 0.02564102564102564 0.02403846153846154