4 0.9551282051282052 0.6201923076923077 0.08653846153846154 0.11778846153846154
4 0.9326923076923077 0.4543269230769231 0.125 0.0985576923076923
4 0.8974358974358975 0.6538461538461539 0.09615384615384616 0.06971153846153846
4 0.9294871794871795 0.25961538461538464 0.125 0.08653846153846154
4 0.7051282051282052 0.125 0.08012820512820513 0.07932692307692307
4 0.5769230769230769 0.14903846153846154 0.125 0.12980769230769232
5 0.6602564102564102 0.5865384615384616 0.2467948717948718 0.18990384615384615
4 0.5544871794871795 0.5168269230769231 0.11858974358974358 0.09375
5 0.4198717948717949 0.44711538461538464 0.22435897435897437 0.17548076923076922
4 0.42628205128205127 0.5721153846153846 0.16346153846153846 0.11778846153846154
4 0.532051282051282 0.7211538461538461 0.12179487179487179 0.10096153846153846
5 0.22115384615384615 0.49759615384615385 0.1858974358974359 0.13701923076923078
4 0.20512820512820512 0.2932692307692308 0.16666666666666666 0.1346153846153846
4 0.26282051282051283 0.07692307692307693 0.15705128205128205 0.10817307692307693
4 0.4391025641025641 0.16105769230769232 0.12179487179487179 0.0985576923076923