4 0.3782051282051282 0.46875 0.1987179487179487 0.12259615384615384
4 0.2916666666666667 0.5024038461538461 0.13782051282051283 0.09375
4 0.33974358974358976 0.5552884615384616 0.10576923076923077 0.055288461538461536
4 0.1858974358974359 0.625 0.16987179487179488 0.12740384615384615
4 0.28525641025641024 0.6490384615384616 0.1346153846153846 0.10576923076923077
4 0.3942307692307692 0.6754807692307693 0.1858974358974359 0.12740384615384615
4 0.42948717948717946 0.7668269230769231 0.16666666666666666 0.11298076923076923
4 0.5416666666666666 0.78125 0.14102564102564102 0.11057692307692307
4 0.41025641025641024 0.9375 0.18269230769230768 0.12259615384615384
4 0.5352564102564102 0.9350961538461539 0.11538461538461539 0.11298076923076923
3 0.532051282051282 0.5625 0.04487179487179487 0.04807692307692308
3 0.5 0.5985576923076923 0.05128205128205128 0.03365384615384615