3 0.28205128205128205 0.11778846153846154 0.11217948717948718 0.06490384615384616
5 0.05128205128205128 0.13942307692307693 0.10256410256410256 0.052884615384615384
5 0.14423076923076922 0.13942307692307693 0.09615384615384616 0.0625
4 0.14743589743589744 0.2620192307692308 0.10256410256410256 0.057692307692307696
3 0.2692307692307692 0.3798076923076923 0.14102564102564102 0.10096153846153846
3 0.47115384615384615 0.3269230769230769 0.12179487179487179 0.09615384615384616
5 0.3525641025641026 0.3125 0.125 0.06490384615384616
3 0.3717948717948718 0.36538461538461536 0.11217948717948718 0.11057692307692307
5 0.3782051282051282 0.47115384615384615 0.09935897435897435 0.09615384615384616
5 0.3141025641025641 0.45913461538461536 0.15384615384615385 0.10817307692307693
4 0.47435897435897434 0.4519230769230769 0.0641025641025641 0.07211538461538461
4 0.4423076923076923 0.5120192307692307 0.10576923076923077 0.08173076923076923
5 0.5448717948717948 0.39663461538461536 0.14102564102564102 0.11057692307692307
4 0.5480769230769231 0.3076923076923077 0.08653846153846154 0.06971153846153846
4 0.5512820512820513 0.47115384615384615 0.11217948717948718 0.06490384615384616
3 0.6923076923076923 0.3269230769230769 0.1858974358974359 0.14903846153846154
5 0.6794871794871795 0.4423076923076923 0.14423076923076922 0.0985576923076923
4 0.6057692307692307 0.5288461538461539 0.1282051282051282 0.09375
4 0.7371794871794872 0.5336538461538461 0.125 0.10336538461538461
4 0.8044871794871795 0.5168269230769231 0.14102564102564102 0.09134615384615384