4 0.8108974358974359 0.3894230769230769 0.08974358974358974 0.0625
4 0.7564102564102564 0.44471153846153844 0.09294871794871795 0.0625
4 0.6410256410256411 0.30288461538461536 0.0673076923076923 0.07932692307692307
4 0.5769230769230769 0.27403846153846156 0.11217948717948718 0.08653846153846154
4 0.48717948717948717 0.1875 0.10897435897435898 0.07451923076923077
4 0.5192307692307693 0.30528846153846156 0.10256410256410256 0.07932692307692307
4 0.41346153846153844 0.25 0.09294871794871795 0.07932692307692307
4 0.40384615384615385 0.33413461538461536 0.08974358974358974 0.07451923076923077
4 0.36538461538461536 0.3581730769230769 0.05448717948717949 0.040865384615384616
4 0.5352564102564102 0.375 0.08012820512820513 0.06490384615384616
4 0.625 0.43028846153846156 0.0673076923076923 0.057692307692307696
4 0.5737179487179487 0.4519230769230769 0.08012820512820513 0.055288461538461536
4 0.5512820512820513 0.5288461538461539 0.09294871794871795 0.0625
4 0.30448717948717946 0.3798076923076923 0.07051282051282051 0.052884615384615384
4 0.26282051282051283 0.34134615384615385 0.07371794871794872 0.06009615384615385
4 0.36538461538461536 0.4567307692307692 0.03205128205128205 0.038461538461538464
4 0.12179487179487179 0.22115384615384615 0.10256410256410256 0.06971153846153846
4 0.13782051282051283 0.28846153846153844 0.07371794871794872 0.05048076923076923
4 0.1794871794871795 0.30528846153846156 0.041666666666666664 0.040865384615384616
4 0.4166666666666667 0.7259615384615384 0.07692307692307693 0.0625
4 0.42948717948717946 0.6514423076923077 0.07371794871794872 0.057692307692307696
4 0.07051282051282051 0.7524038461538461 0.05448717948717949 0.040865384615384616
4 0.125 0.7572115384615384 0.041666666666666664 0.03365384615384615
5 0.016025641025641024 0.6826923076923077 0.03205128205128205 0.04807692307692308
4 0.1762820512820513 0.7572115384615384 0.04807692307692308 0.03365384615384615
4 0.21794871794871795 0.7692307692307693 0.041666666666666664 0.028846153846153848
4 0.5737179487179487 0.7163461538461539 0.09935897435897435 0.08173076923076923
4 0.5192307692307693 0.7019230769230769 0.057692307692307696 0.055288461538461536
4 0.5288461538461539 0.6370192307692307 0.07692307692307693 0.06009615384615385
4 0.6025641025641025 0.7475961538461539 0.05448717948717949 0.04326923076923077
4 0.5 0.7524038461538461 0.022435897435897436 0.019230769230769232
4 0.5769230769230769 0.8509615384615384 0.02564102564102564 0.02403846153846154
4 0.6217948717948718 0.6274038461538461 0.08974358974358974 0.06971153846153846
4 0.6602564102564102 0.9591346153846154 0.060897435897435896 0.04807692307692308
4 0.8076923076923077 0.8149038461538461 0.02564102564102564 0.021634615384615384
4 0.7275641025641025 0.7091346153846154 0.08653846153846154 0.06971153846153846
4 0.5160256410256411 0.8870192307692307 0.02564102564102564 0.016826923076923076