1 0.6538461538461539 0.30288461538461536 0.11217948717948718 0.08173076923076923
1 0.6634615384615384 0.37259615384615385 0.10576923076923077 0.07211538461538461
1 0.7660256410256411 0.39663461538461536 0.060897435897435896 0.04326923076923077
1 0.717948717948718 0.4326923076923077 0.0673076923076923 0.04807692307692308
1 0.4198717948717949 0.43990384615384615 0.07051282051282051 0.0625
1 0.33653846153846156 0.4375 0.1282051282051282 0.09615384615384616
1 0.24358974358974358 0.44471153846153844 0.035256410256410256 0.040865384615384616
1 0.40705128205128205 0.49759615384615385 0.10576923076923077 0.0625
1 0.7532051282051282 0.46875 0.03205128205128205 0.019230769230769232
1 0.5352564102564102 0.7451923076923077 0.11538461538461539 0.09134615384615384
1 0.6217948717948718 0.8100961538461539 0.18269230769230768 0.12980769230769232
1 0.532051282051282 0.8389423076923077 0.12179487179487179 0.10576923076923077
2 0.25961538461538464 0.84375 0.11217948717948718 0.07692307692307693
1 0.358974358974359 0.9014423076923077 0.11538461538461539 0.10817307692307693
1 0.2403846153846154 0.9278846153846154 0.16346153846153846 0.13942307692307693