1 0.12179487179487179 0.06490384615384616 0.07371794871794872 0.0985576923076923
1 0.7788461538461539 0.04326923076923077 0.07371794871794872 0.057692307692307696
1 0.38782051282051283 0.3293269230769231 0.15064102564102563 0.09375
1 0.4198717948717949 0.38461538461538464 0.16346153846153846 0.11778846153846154
2 0.7596153846153846 0.41586538461538464 0.16987179487179488 0.12740384615384615
1 0.7115384615384616 0.47836538461538464 0.16987179487179488 0.12740384615384615
1 0.17307692307692307 0.4254807692307692 0.09294871794871795 0.0889423076923077
1 0.0625 0.4206730769230769 0.125 0.08653846153846154
1 0.7660256410256411 0.53125 0.14423076923076922 0.10817307692307693
1 0.358974358974359 0.5673076923076923 0.16346153846153846 0.11298076923076923
2 0.21474358974358973 0.5985576923076923 0.125 0.11057692307692307
2 0.11858974358974358 0.625 0.060897435897435896 0.04326923076923077
1 0.28846153846153844 0.625 0.1346153846153846 0.09375
2 0.34294871794871795 0.9663461538461539 0.08653846153846154 0.06009615384615385
2 0.3557692307692308 0.9086538461538461 0.07371794871794872 0.057692307692307696