1 0.14423076923076922 0.2091346153846154 0.09615384615384616 0.07211538461538461
2 0.0641025641025641 0.22596153846153846 0.09935897435897435 0.0673076923076923
1 0.10576923076923077 0.2644230769230769 0.09615384615384616 0.0625
1 0.9423076923076923 0.14423076923076922 0.04807692307692308 0.06971153846153846
2 0.842948717948718 0.2283653846153846 0.08333333333333333 0.055288461538461536
2 0.5192307692307693 0.28365384615384615 0.2532051282051282 0.1875
1 0.7596153846153846 0.3269230769230769 0.21153846153846154 0.15384615384615385
0 0.16666666666666666 0.6754807692307693 0.09294871794871795 0.04807692307692308
0 0.5512820512820513 0.5769230769230769 0.14743589743589744 0.11057692307692307
0 0.5865384615384616 0.6129807692307693 0.11538461538461539 0.07932692307692307
1 0.2692307692307692 0.5432692307692307 0.14423076923076922 0.09375
1 0.32371794871794873 0.5745192307692307 0.10897435897435898 0.08413461538461539
2 0.15064102564102563 0.5432692307692307 0.060897435897435896 0.040865384615384616
1 0.10576923076923077 0.5504807692307693 0.04487179487179487 0.03365384615384615
1 0.10256410256410256 0.44711538461538464 0.038461538461538464 0.03125
1 0.28525641025641024 0.040865384615384616 0.13141025641025642 0.08173076923076923