5 0.9647435897435898 0.19230769230769232 0.0641025641025641 0.0985576923076923
5 0.8525641025641025 0.1346153846153846 0.1282051282051282 0.07932692307692307
5 0.8557692307692307 0.2956730769230769 0.08974358974358974 0.0673076923076923
5 0.8269230769230769 0.34134615384615385 0.08012820512820513 0.052884615384615384
4 0.8237179487179487 0.25 0.10256410256410256 0.0673076923076923
4 0.8012820512820513 0.3942307692307692 0.0641025641025641 0.04567307692307692
4 0.907051282051282 0.37740384615384615 0.10256410256410256 0.07211538461538461
4 0.9647435897435898 0.4014423076923077 0.0673076923076923 0.055288461538461536
4 0.08974358974358974 0.44471153846153844 0.15705128205128205 0.12740384615384615
4 0.22115384615384615 0.44711538461538464 0.1346153846153846 0.125
5 0.33974358974358976 0.5192307692307693 0.14102564102564102 0.07451923076923077
4 0.358974358974359 0.4567307692307692 0.15705128205128205 0.11778846153846154
3 0.4358974358974359 0.4519230769230769 0.08974358974358974 0.10817307692307693
5 0.46153846153846156 0.5673076923076923 0.1282051282051282 0.08173076923076923
3 0.6025641025641025 0.5600961538461539 0.13141025641025642 0.0985576923076923
5 0.6826923076923077 0.65625 0.15064102564102563 0.11057692307692307
4 0.6057692307692307 0.6586538461538461 0.0641025641025641 0.08413461538461539
4 0.6185897435897436 0.7019230769230769 0.09294871794871795 0.04326923076923077
4 0.6987179487179487 0.7668269230769231 0.12179487179487179 0.08653846153846154
4 0.6153846153846154 0.75 0.060897435897435896 0.04807692307692308
4 0.6666666666666666 0.8269230769230769 0.05448717948717949 0.04807692307692308
5 0.17307692307692307 0.2932692307692308 0.07371794871794872 0.057692307692307696
4 0.7916666666666666 0.2956730769230769 0.05128205128205128 0.04326923076923077