1 0.8525641025641025 0.2091346153846154 0.1891025641025641 0.11538461538461539
1 0.7339743589743589 0.23798076923076922 0.09294871794871795 0.0625
1 0.6730769230769231 0.16826923076923078 0.1955128205128205 0.15865384615384615
2 0.07692307692307693 0.4326923076923077 0.14743589743589744 0.125
1 0.24358974358974358 0.49278846153846156 0.16025641025641027 0.10096153846153846
0 0.36538461538461536 0.5841346153846154 0.125 0.11298076923076923
2 0.46794871794871795 0.5528846153846154 0.08653846153846154 0.04807692307692308
2 0.48717948717948717 0.6346153846153846 0.16987179487179488 0.12740384615384615
1 0.5224358974358975 0.6754807692307693 0.14743589743589744 0.11057692307692307
2 0.16987179487179488 0.7908653846153846 0.10256410256410256 0.07211538461538461
2 0.16987179487179488 0.8461538461538461 0.05128205128205128 0.040865384615384616
1 0.21474358974358973 0.8389423076923077 0.08333333333333333 0.06009615384615385