3 0.1955128205128205 0.12980769230769232 0.041666666666666664 0.03125
4 0.15705128205128205 0.13942307692307693 0.03205128205128205 0.026442307692307692
3 0.30128205128205127 0.2956730769230769 0.12179487179487179 0.07932692307692307
3 0.27564102564102566 0.35336538461538464 0.15064102564102563 0.10576923076923077
5 0.2724358974358974 0.43028846153846156 0.13141025641025642 0.07451923076923077
4 0.30128205128205127 0.5072115384615384 0.11858974358974358 0.07932692307692307
4 0.2980769230769231 0.5456730769230769 0.08974358974358974 0.036057692307692304
3 0.6378205128205128 0.6586538461538461 0.09615384615384616 0.07692307692307693
4 0.8653846153846154 0.5673076923076923 0.05128205128205128 0.03365384615384615
4 0.7115384615384616 0.6274038461538461 0.041666666666666664 0.05048076923076923
4 0.6185897435897436 0.6322115384615384 0.0673076923076923 0.04326923076923077
5 0.8269230769230769 0.6418269230769231 0.10576923076923077 0.08413461538461539
4 0.5224358974358975 0.6322115384615384 0.05128205128205128 0.038461538461538464
4 0.5384615384615384 0.6730769230769231 0.04807692307692308 0.03125
5 0.46153846153846156 0.71875 0.09615384615384616 0.06971153846153846
5 0.4423076923076923 0.9230769230769231 0.10256410256410256 0.0889423076923077