4 0.20833333333333334 0.19471153846153846 0.12179487179487179 0.07932692307692307
4 0.34935897435897434 0.15384615384615385 0.11538461538461539 0.0985576923076923
4 0.717948717948718 0.07211538461538461 0.11858974358974358 0.0985576923076923
4 0.6282051282051282 0.12980769230769232 0.14743589743589744 0.09375
4 0.8044871794871795 0.17548076923076922 0.1794871794871795 0.14182692307692307
3 0.6282051282051282 0.27884615384615385 0.28525641025641024 0.22355769230769232
5 0.46153846153846156 0.28365384615384615 0.1282051282051282 0.14182692307692307
4 0.3685897435897436 0.31971153846153844 0.10897435897435898 0.052884615384615384
4 0.28846153846153844 0.2644230769230769 0.057692307692307696 0.08653846153846154
4 0.3717948717948718 0.3701923076923077 0.13782051282051283 0.09134615384615384
3 0.3301282051282051 0.4567307692307692 0.16666666666666666 0.13221153846153846
3 0.42948717948717946 0.5384615384615384 0.19230769230769232 0.14903846153846154
4 0.5032051282051282 0.6586538461538461 0.1891025641025641 0.15144230769230768
4 0.46474358974358976 0.7043269230769231 0.15384615384615385 0.11298076923076923
4 0.5352564102564102 0.8341346153846154 0.1762820512820513 0.1466346153846154
5 0.842948717948718 0.8413461538461539 0.057692307692307696 0.05048076923076923
5 0.8974358974358975 0.8701923076923077 0.0673076923076923 0.05048076923076923
3 0.8846153846153846 0.9158653846153846 0.07051282051282051 0.06009615384615385
5 0.9391025641025641 0.8365384615384616 0.060897435897435896 0.04567307692307692
5 0.9487179487179487 0.8894230769230769 0.05128205128205128 0.04326923076923077
3 0.9102564102564102 0.9759615384615384 0.0673076923076923 0.04326923076923077
4 0.8493589743589743 0.90625 0.035256410256410256 0.055288461538461536
4 0.8525641025641025 0.9302884615384616 0.060897435897435896 0.04326923076923077