1 0.24358974358974358 0.36778846153846156 0.11538461538461539 0.07692307692307693
0 0.022435897435897436 0.7043269230769231 0.04487179487179487 0.036057692307692304
2 0.057692307692307696 0.6802884615384616 0.04807692307692308 0.03365384615384615
0 0.27884615384615385 0.6009615384615384 0.11858974358974358 0.09134615384615384
1 0.2532051282051282 0.6490384615384616 0.08974358974358974 0.0625
1 0.27884615384615385 0.7932692307692307 0.07692307692307693 0.057692307692307696
2 0.4166666666666667 0.7956730769230769 0.16666666666666666 0.12980769230769232
2 0.5641025641025641 0.8004807692307693 0.14102564102564102 0.11298076923076923
2 0.48717948717948717 0.8990384615384616 0.16025641025641027 0.13221153846153846
1 0.3333333333333333 0.9326923076923077 0.0641025641025641 0.04807692307692308
1 0.8493589743589743 0.16826923076923078 0.1987179487179487 0.14903846153846154
1 0.6826923076923077 0.2860576923076923 0.10897435897435898 0.13942307692307693
1 0.5705128205128205 0.3004807692307692 0.041666666666666664 0.09134615384615384
1 0.782051282051282 0.3004807692307692 0.07051282051282051 0.04326923076923077
2 0.3141025641025641 0.5961538461538461 0.07371794871794872 0.09134615384615384
1 0.04487179487179487 0.4567307692307692 0.060897435897435896 0.040865384615384616
1 0.057692307692307696 0.43028846153846156 0.041666666666666664 0.036057692307692304