3 0.1891025641025641 0.10817307692307693 0.15705128205128205 0.1346153846153846
3 0.6121794871794872 0.16826923076923078 0.05128205128205128 0.05048076923076923
3 0.6025641025641025 0.20192307692307693 0.041666666666666664 0.052884615384615384
5 0.2724358974358974 0.2283653846153846 0.15705128205128205 0.10817307692307693
5 0.17307692307692307 0.2548076923076923 0.12179487179487179 0.11298076923076923
5 0.2532051282051282 0.34134615384615385 0.15384615384615385 0.11778846153846154
4 0.14743589743589744 0.3269230769230769 0.09935897435897435 0.0889423076923077
4 0.3108974358974359 0.3629807692307692 0.09935897435897435 0.10336538461538461
4 0.12179487179487179 0.40384615384615385 0.10897435897435898 0.09134615384615384
4 0.266025641025641 0.44471153846153844 0.08974358974358974 0.0889423076923077
4 0.1858974358974359 0.53125 0.11217948717948718 0.0985576923076923
5 0.3173076923076923 0.5240384615384616 0.13782051282051283 0.12259615384615384
4 0.3942307692307692 0.5576923076923077 0.08653846153846154 0.10336538461538461
5 0.47435897435897434 0.3173076923076923 0.15384615384615385 0.1466346153846154
5 0.42628205128205127 0.44471153846153844 0.1346153846153846 0.12980769230769232
5 0.5833333333333334 0.44471153846153844 0.15384615384615385 0.13701923076923078
4 0.483974358974359 0.5408653846153846 0.11217948717948718 0.10817307692307693
4 0.5608974358974359 0.5913461538461539 0.10576923076923077 0.10336538461538461
4 0.6858974358974359 0.5384615384615384 0.1346153846153846 0.11778846153846154
4 0.7083333333333334 0.6346153846153846 0.1282051282051282 0.0985576923076923
4 0.6698717948717948 0.6875 0.08333333333333333 0.057692307692307696
4 0.6923076923076923 0.7427884615384616 0.060897435897435896 0.06009615384615385
4 0.23397435897435898 0.59375 0.04807692307692308 0.10336538461538461
4 0.0673076923076923 0.22596153846153846 0.03205128205128205 0.028846153846153848
4 0.041666666666666664 0.22596153846153846 0.02564102564102564 0.026442307692307692
5 0.08653846153846154 0.1466346153846154 0.041666666666666664 0.040865384615384616
5 0.11858974358974358 0.18269230769230768 0.038461538461538464 0.03125
4 0.09615384615384616 0.21394230769230768 0.03205128205128205 0.036057692307692304
4 0.028846153846153848 0.21634615384615385 0.022435897435897436 0.02403846153846154