3 0.40705128205128205 0.014423076923076924 0.14423076923076922 0.028846153846153848
3 0.5961538461538461 0.1658653846153846 0.1987179487179487 0.15144230769230768
3 0.3782051282051282 0.23798076923076922 0.1955128205128205 0.1466346153846154
3 0.5192307692307693 0.34615384615384615 0.15384615384615385 0.12259615384615384
4 0.5192307692307693 0.45913461538461536 0.13782051282051283 0.11057692307692307
4 0.3814102564102564 0.4206730769230769 0.15064102564102563 0.11538461538461539
3 0.14102564102564102 0.5985576923076923 0.09935897435897435 0.07451923076923077
3 0.0673076923076923 0.6274038461538461 0.11217948717948718 0.07211538461538461
3 0.038461538461538464 0.6778846153846154 0.07692307692307693 0.08653846153846154
5 0.11538461538461539 0.7548076923076923 0.11858974358974358 0.08173076923076923
4 0.41346153846153844 0.6706730769230769 0.13782051282051283 0.10817307692307693
4 0.5384615384615384 0.7163461538461539 0.10897435897435898 0.08413461538461539
4 0.4519230769230769 0.8004807692307693 0.10256410256410256 0.08653846153846154