2 0.20833333333333334 0.6706730769230769 0.07051282051282051 0.057692307692307696
2 0.27564102564102566 0.6394230769230769 0.1282051282051282 0.09615384615384616
2 0.21794871794871795 0.5120192307692307 0.1891025641025641 0.12259615384615384
0 0.13141025641025642 0.4735576923076923 0.11858974358974358 0.08413461538461539
2 0.07051282051282051 0.4206730769230769 0.10897435897435898 0.07692307692307693
2 0.2532051282051282 0.4543269230769231 0.11538461538461539 0.06971153846153846
1 0.8044871794871795 0.38461538461538464 0.2692307692307692 0.19230769230769232
1 0.5641025641025641 0.35336538461538464 0.22756410256410256 0.16346153846153846
1 0.4519230769230769 0.08413461538461539 0.20512820512820512 0.16826923076923078
1 0.5192307692307693 0.036057692307692304 0.125 0.07211538461538461
1 0.625 0.0985576923076923 0.13782051282051283 0.11538461538461539
2 0.7467948717948718 0.08413461538461539 0.11858974358974358 0.0889423076923077
2 0.7628205128205128 0.11538461538461539 0.08974358974358974 0.04567307692307692
1 0.6826923076923077 0.14182692307692307 0.07371794871794872 0.057692307692307696
1 0.38461538461538464 0.10817307692307693 0.0673076923076923 0.07692307692307693