3 0.7083333333333334 0.31009615384615385 0.21794871794871795 0.16105769230769232
5 0.3333333333333333 0.2980769230769231 0.21794871794871795 0.16346153846153846
4 0.5833333333333334 0.43028846153846156 0.16987179487179488 0.125
4 0.33974358974358976 0.4855769230769231 0.18269230769230768 0.12740384615384615
3 0.08974358974358974 0.5456730769230769 0.13141025641025642 0.0889423076923077
4 0.5352564102564102 0.6274038461538461 0.15384615384615385 0.11538461538461539
4 0.375 0.6634615384615384 0.13782051282051283 0.10817307692307693
4 0.41346153846153844 0.7475961538461539 0.10897435897435898 0.08653846153846154
4 0.5096153846153846 0.7788461538461539 0.13782051282051283 0.10817307692307693
4 0.46153846153846156 0.8100961538461539 0.057692307692307696 0.04807692307692308
4 0.5448717948717948 0.8365384615384616 0.08333333333333333 0.0625
4 0.483974358974359 0.90625 0.041666666666666664 0.03365384615384615
3 0.13782051282051283 0.9134615384615384 0.05128205128205128 0.04326923076923077
5 0.17307692307692307 0.9375 0.05128205128205128 0.040865384615384616
3 0.6410256410256411 0.6802884615384616 0.07051282051282051 0.04807692307692308
4 0.8108974358974359 0.7067307692307693 0.07051282051282051 0.06009615384615385
4 0.7916666666666666 0.6177884615384616 0.0641025641025641 0.04567307692307692
5 0.5833333333333334 0.6826923076923077 0.04807692307692308 0.03125
4 0.5737179487179487 0.71875 0.04807692307692308 0.03365384615384615
4 0.7788461538461539 0.7307692307692307 0.04487179487179487 0.03125
4 0.7019230769230769 0.6634615384615384 0.035256410256410256 0.03365384615384615
4 0.6346153846153846 0.7139423076923077 0.05448717948717949 0.038461538461538464