4 0.9326923076923077 0.2932692307692308 0.057692307692307696 0.040865384615384616
4 0.8910256410256411 0.32211538461538464 0.04807692307692308 0.038461538461538464
4 0.8589743589743589 0.28125 0.060897435897435896 0.040865384615384616
4 0.7147435897435898 0.33653846153846156 0.05448717948717949 0.036057692307692304
4 0.7596153846153846 0.2644230769230769 0.060897435897435896 0.04326923076923077
3 0.8301282051282052 0.21394230769230768 0.07692307692307693 0.055288461538461536
3 0.8012820512820513 0.15865384615384615 0.08012820512820513 0.057692307692307696
3 0.6955128205128205 0.17307692307692307 0.0641025641025641 0.055288461538461536
4 0.30448717948717946 0.7836538461538461 0.08653846153846154 0.06971153846153846
4 0.3717948717948718 0.7307692307692307 0.07051282051282051 0.05048076923076923
4 0.6474358974358975 0.8485576923076923 0.08012820512820513 0.0673076923076923
4 0.6794871794871795 0.7572115384615384 0.05128205128205128 0.038461538461538464
4 0.5705128205128205 0.7451923076923077 0.07051282051282051 0.06490384615384616
5 0.4935897435897436 0.7379807692307693 0.10576923076923077 0.08173076923076923
3 0.2724358974358974 0.43028846153846156 0.10897435897435898 0.07692307692307693
3 0.21153846153846154 0.5048076923076923 0.125 0.09134615384615384
3 0.4230769230769231 0.6706730769230769 0.08653846153846154 0.06971153846153846
3 0.4519230769230769 0.5625 0.09615384615384616 0.06009615384615385
3 0.4807692307692308 0.6105769230769231 0.11858974358974358 0.09615384615384616
3 0.3269230769230769 0.6129807692307693 0.125 0.09134615384615384