0 0.5256410256410257 0.6057692307692307 0.16025641025641027 0.11778846153846154
0 0.40384615384615385 0.6706730769230769 0.15384615384615385 0.1201923076923077
0 0.5192307692307693 0.7524038461538461 0.19230769230769232 0.1778846153846154
0 0.3717948717948718 0.9134615384615384 0.09615384615384616 0.0889423076923077
1 0.4519230769230769 0.8557692307692307 0.10256410256410256 0.10096153846153846
1 0.14102564102564102 0.8725961538461539 0.12179487179487179 0.09615384615384616
1 0.041666666666666664 0.8846153846153846 0.08012820512820513 0.11298076923076923
1 0.10256410256410256 0.7836538461538461 0.11858974358974358 0.10576923076923077
1 0.057692307692307696 0.7572115384615384 0.10897435897435898 0.07692307692307693
1 0.11538461538461539 0.7067307692307693 0.07051282051282051 0.05048076923076923
1 0.5865384615384616 0.37740384615384615 0.21474358974358973 0.12259615384615384
1 0.6057692307692307 0.4543269230769231 0.15384615384615385 0.09375
1 0.5544871794871795 0.3125 0.14423076923076922 0.0985576923076923
1 0.7339743589743589 0.3269230769230769 0.13141025641025642 0.09615384615384616