5 0.33653846153846156 0.17307692307692307 0.09615384615384616 0.07932692307692307
4 0.19230769230769232 0.2956730769230769 0.10897435897435898 0.08413461538461539
4 0.4230769230769231 0.36778846153846156 0.09294871794871795 0.07932692307692307
3 0.9391025641025641 0.3798076923076923 0.11858974358974358 0.09375
4 0.49038461538461536 0.4807692307692308 0.0673076923076923 0.03365384615384615
4 0.375 0.5024038461538461 0.057692307692307696 0.052884615384615384
3 0.3108974358974359 0.47596153846153844 0.14743589743589744 0.10817307692307693
3 0.03205128205128205 0.6177884615384616 0.057692307692307696 0.040865384615384616
5 0.5256410256410257 0.5889423076923077 0.1346153846153846 0.0985576923076923
4 0.34615384615384615 0.6105769230769231 0.09294871794871795 0.06971153846153846
4 0.4807692307692308 0.6826923076923077 0.0673076923076923 0.04807692307692308
4 0.3974358974358974 0.7283653846153846 0.05448717948717949 0.04567307692307692
4 0.46153846153846156 0.7596153846153846 0.0641025641025641 0.04807692307692308