5 0.592948717948718 0.3317307692307692 0.15705128205128205 0.12740384615384615
3 0.4391025641025641 0.3389423076923077 0.19230769230769232 0.1466346153846154
5 0.6506410256410257 0.47596153846153844 0.18269230769230768 0.13221153846153846
3 0.48717948717948717 0.5456730769230769 0.18269230769230768 0.14182692307692307
3 0.3814102564102564 0.5456730769230769 0.08653846153846154 0.11057692307692307
4 0.6826923076923077 0.5865384615384616 0.13141025641025642 0.10336538461538461
4 0.6057692307692307 0.6730769230769231 0.1346153846153846 0.10576923076923077
4 0.5064102564102564 0.6490384615384616 0.13141025641025642 0.09615384615384616
4 0.42948717948717946 0.6802884615384616 0.10256410256410256 0.07211538461538461
4 0.4583333333333333 0.7620192307692307 0.10256410256410256 0.08173076923076923
4 0.3717948717948718 0.7956730769230769 0.07692307692307693 0.06009615384615385
4 0.375 0.7427884615384616 0.07051282051282051 0.052884615384615384