3 0.3782051282051282 0.5120192307692307 0.10256410256410256 0.09375
3 0.25961538461538464 0.5192307692307693 0.13782051282051283 0.10336538461538461
3 0.44871794871794873 0.47596153846153844 0.14423076923076922 0.0985576923076923
3 0.3269230769230769 0.6322115384615384 0.10897435897435898 0.0889423076923077
5 0.21474358974358973 0.6274038461538461 0.15064102564102563 0.11538461538461539
5 0.6955128205128205 0.6129807692307693 0.15064102564102563 0.10817307692307693
5 0.6025641025641025 0.6298076923076923 0.10256410256410256 0.07932692307692307
4 0.36538461538461536 0.6658653846153846 0.04807692307692308 0.052884615384615384
4 0.2980769230769231 0.7067307692307693 0.11217948717948718 0.07692307692307693
4 0.2467948717948718 0.7139423076923077 0.057692307692307696 0.06009615384615385
4 0.592948717948718 0.6778846153846154 0.09294871794871795 0.05048076923076923
4 0.7083333333333334 0.7019230769230769 0.11858974358974358 0.08413461538461539
4 0.34294871794871795 0.5625 0.10897435897435898 0.06009615384615385
5 0.05128205128205128 0.13221153846153846 0.060897435897435896 0.04567307692307692
4 0.027243589743589744 0.1814903846153846 0.05448717948717949 0.04567307692307692
4 0.08653846153846154 0.17307692307692307 0.05448717948717949 0.036057692307692304
4 0.060897435897435896 0.21153846153846154 0.04807692307692308 0.036057692307692304
3 0.035256410256410256 0.3293269230769231 0.035256410256410256 0.026442307692307692