1 0.046474358974358976 0.3088942307692308 0.09294871794871795 0.07451923076923077
2 0.07371794871794872 0.59375 0.1282051282051282 0.09134615384615384
1 0.03205128205128205 0.6394230769230769 0.0641025641025641 0.10096153846153846
2 0.11858974358974358 0.6346153846153846 0.11217948717948718 0.07451923076923077
2 0.08653846153846154 0.6947115384615384 0.11217948717948718 0.07932692307692307
2 0.08333333333333333 0.7451923076923077 0.0673076923076923 0.03125
1 0.22115384615384615 0.8966346153846154 0.15064102564102563 0.125
1 0.4198717948717949 0.8701923076923077 0.2724358974358974 0.23557692307692307
1 0.6025641025641025 0.7331730769230769 0.21794871794871795 0.18028846153846154
2 0.5352564102564102 0.90625 0.060897435897435896 0.0673076923076923
2 0.5512820512820513 0.9663461538461539 0.125 0.06009615384615385