4 0.4358974358974359 0.24278846153846154 0.12179487179487179 0.10336538461538461
4 0.3333333333333333 0.49278846153846156 0.09615384615384616 0.06490384615384616
4 0.4807692307692308 0.5 0.11858974358974358 0.08173076923076923
4 0.33974358974358976 0.5504807692307693 0.0673076923076923 0.03365384615384615
3 0.3814102564102564 0.6490384615384616 0.14743589743589744 0.10096153846153846
3 0.5769230769230769 0.59375 0.16987179487179488 0.12740384615384615
4 0.4775641025641026 0.6129807692307693 0.057692307692307696 0.06971153846153846
4 0.5288461538461539 0.6490384615384616 0.07371794871794872 0.040865384615384616
4 0.47435897435897434 0.6682692307692307 0.060897435897435896 0.040865384615384616
4 0.2692307692307692 0.5841346153846154 0.035256410256410256 0.05048076923076923
4 0.1858974358974359 0.6153846153846154 0.035256410256410256 0.036057692307692304