1 0.6538461538461539 0.18509615384615385 0.11858974358974358 0.09615384615384616
1 0.1858974358974359 0.43028846153846156 0.05128205128205128 0.040865384615384616
1 0.014423076923076924 0.4675480769230769 0.028846153846153848 0.07451923076923077
1 0.0673076923076923 0.4182692307692308 0.1346153846153846 0.08413461538461539
2 0.3782051282051282 0.5096153846153846 0.07051282051282051 0.028846153846153848
1 0.391025641025641 0.5504807692307693 0.11858974358974358 0.0889423076923077
1 0.6057692307692307 0.5384615384615384 0.13141025641025642 0.10817307692307693
1 0.3333333333333333 0.6081730769230769 0.10256410256410256 0.08413461538461539
2 0.4807692307692308 0.6177884615384616 0.1891025641025641 0.12740384615384615
1 0.07692307692307693 0.7355769230769231 0.07692307692307693 0.0625
2 0.027243589743589744 0.75 0.05448717948717949 0.07211538461538461
2 0.3782051282051282 0.8870192307692307 0.10256410256410256 0.08173076923076923
2 0.34935897435897434 0.9206730769230769 0.10256410256410256 0.08413461538461539