4 0.7147435897435898 0.23317307692307693 0.15384615384615385 0.16105769230769232
4 0.4230769230769231 0.375 0.18269230769230768 0.17307692307692307
4 0.6089743589743589 0.4182692307692308 0.14102564102564102 0.1346153846153846
4 0.38461538461538464 0.5336538461538461 0.16025641025641027 0.15625
4 0.5737179487179487 0.5961538461538461 0.12179487179487179 0.11778846153846154
4 0.4166666666666667 0.6466346153846154 0.1346153846153846 0.12259615384615384
4 0.5705128205128205 0.7043269230769231 0.09294871794871795 0.0985576923076923
4 0.49038461538461536 0.7644230769230769 0.09615384615384616 0.10817307692307693
4 0.4198717948717949 0.7139423076923077 0.10576923076923077 0.07932692307692307
4 0.5160256410256411 0.9254807692307693 0.05448717948717949 0.040865384615384616
4 0.5993589743589743 0.9567307692307693 0.05128205128205128 0.040865384615384616
4 0.5064102564102564 0.9639423076923077 0.05128205128205128 0.038461538461538464
4 0.5576923076923077 0.9783653846153846 0.05128205128205128 0.036057692307692304