4 0.8685897435897436 0.5889423076923077 0.1346153846153846 0.10336538461538461
4 0.7115384615384616 0.5048076923076923 0.125 0.08173076923076923
4 0.6858974358974359 0.6370192307692307 0.10256410256410256 0.08653846153846154
4 0.7211538461538461 0.65625 0.0641025641025641 0.057692307692307696
4 0.6506410256410257 0.5889423076923077 0.13782051282051283 0.0889423076923077
4 0.5897435897435898 0.6754807692307693 0.11217948717948718 0.0889423076923077
4 0.6410256410256411 0.4735576923076923 0.10576923076923077 0.08173076923076923
4 0.6923076923076923 0.5048076923076923 0.11538461538461539 0.09615384615384616
5 0.6121794871794872 0.3245192307692308 0.11217948717948718 0.08173076923076923
4 0.6057692307692307 0.38461538461538464 0.09935897435897435 0.06971153846153846
4 0.44871794871794873 0.4182692307692308 0.16666666666666666 0.12740384615384615
4 0.40064102564102566 0.5600961538461539 0.14743589743589744 0.10576923076923077
4 0.4358974358974359 0.6802884615384616 0.14743589743589744 0.10576923076923077
4 0.3717948717948718 0.7668269230769231 0.11538461538461539 0.0985576923076923
4 0.24358974358974358 0.5625 0.19230769230769232 0.13221153846153846
4 0.2724358974358974 0.7548076923076923 0.11217948717948718 0.09375
4 0.16987179487179488 0.7572115384615384 0.125 0.09615384615384616
4 0.125 0.6778846153846154 0.1762820512820513 0.125
4 0.7371794871794872 0.5817307692307693 0.07051282051282051 0.07211538461538461