4 0.8557692307692307 0.5192307692307693 0.20192307692307693 0.1346153846153846
4 0.6858974358974359 0.36778846153846156 0.22435897435897437 0.16826923076923078
4 0.7275641025641025 0.6322115384615384 0.15384615384615385 0.11298076923076923
4 0.5544871794871795 0.6754807692307693 0.125 0.0985576923076923
3 0.5544871794871795 0.5072115384615384 0.125 0.09375
3 0.46794871794871795 0.47836538461538464 0.11858974358974358 0.09134615384615384
5 0.5032051282051282 0.5841346153846154 0.07692307692307693 0.07692307692307693
3 0.44871794871794873 0.6009615384615384 0.125 0.09375
4 0.4358974358974359 0.6682692307692307 0.09615384615384616 0.06490384615384616
4 0.5288461538461539 0.7427884615384616 0.0641025641025641 0.05048076923076923
4 0.5064102564102564 0.8052884615384616 0.057692307692307696 0.040865384615384616
4 0.483974358974359 0.7644230769230769 0.08333333333333333 0.06490384615384616
3 0.1794871794871795 0.8004807692307693 0.08012820512820513 0.0625
3 0.1282051282051282 0.7524038461538461 0.08333333333333333 0.06490384615384616
3 0.08653846153846154 0.7836538461538461 0.09615384615384616 0.07211538461538461
3 0.8621794871794872 0.9783653846153846 0.057692307692307696 0.038461538461538464
3 0.8910256410256411 0.9375 0.060897435897435896 0.028846153846153848
3 0.9102564102564102 0.9735576923076923 0.05448717948717949 0.04567307692307692
5 0.9455128205128205 0.9711538461538461 0.04487179487179487 0.036057692307692304