5 0.7211538461538461 0.4206730769230769 0.15705128205128205 0.1466346153846154
4 0.5576923076923077 0.4879807692307692 0.14102564102564102 0.1346153846153846
4 0.5993589743589743 0.5625 0.125 0.11778846153846154
4 0.7243589743589743 0.5721153846153846 0.14743589743589744 0.14423076923076922
4 0.6121794871794872 0.6153846153846154 0.08012820512820513 0.05048076923076923
4 0.7532051282051282 0.6514423076923077 0.1282051282051282 0.11538461538461539
4 0.6185897435897436 0.6634615384615384 0.08653846153846154 0.07692307692307693
4 0.7564102564102564 0.7115384615384616 0.09294871794871795 0.06009615384615385
4 0.26282051282051283 0.9350961538461539 0.035256410256410256 0.036057692307692304
4 0.22756410256410256 0.9663461538461539 0.03205128205128205 0.03125
4 0.32051282051282054 0.875 0.041666666666666664 0.036057692307692304
4 0.266025641025641 0.8894230769230769 0.028846153846153848 0.026442307692307692
3 0.8076923076923077 0.7331730769230769 0.03205128205128205 0.028846153846153848
3 0.75 0.7548076923076923 0.03205128205128205 0.026442307692307692
3 0.9711538461538461 0.16346153846153846 0.05128205128205128 0.036057692307692304
4 0.9166666666666666 0.19230769230769232 0.05448717948717949 0.03365384615384615
4 0.967948717948718 0.2283653846153846 0.057692307692307696 0.036057692307692304
4 0.8878205128205128 0.25240384615384615 0.05128205128205128 0.028846153846153848
4 0.9102564102564102 0.2668269230769231 0.041666666666666664 0.038461538461538464
4 0.8942307692307693 0.29086538461538464 0.035256410256410256 0.03365384615384615
4 0.34294871794871795 0.5384615384615384 0.04807692307692308 0.0673076923076923
4 0.30128205128205127 0.5024038461538461 0.08012820512820513 0.0673076923076923
4 0.3333333333333333 0.4543269230769231 0.08653846153846154 0.06490384615384616
5 0.266025641025641 0.4110576923076923 0.10897435897435898 0.07451923076923077
5 0.27884615384615385 0.37259615384615385 0.08012820512820513 0.026442307692307692
4 0.3333333333333333 0.4110576923076923 0.060897435897435896 0.055288461538461536
5 0.5641025641025641 0.2668269230769231 0.035256410256410256 0.028846153846153848
5 0.5160256410256411 0.2932692307692308 0.035256410256410256 0.02403846153846154
5 0.5192307692307693 0.31490384615384615 0.028846153846153848 0.021634615384615384
4 0.5128205128205128 0.3798076923076923 0.022435897435897436 0.019230769230769232
4 0.47435897435897434 0.3173076923076923 0.028846153846153848 0.021634615384615384
5 0.5416666666666666 0.3004807692307692 0.02564102564102564 0.019230769230769232
3 0.25 0.3629807692307692 0.022435897435897436 0.019230769230769232
3 0.20192307692307693 0.4206730769230769 0.016025641025641024 0.016826923076923076
3 0.20512820512820512 0.40384615384615385 0.022435897435897436 0.014423076923076924
4 0.6923076923076923 0.6923076923076923 0.035256410256410256 0.036057692307692304