4 0.12179487179487179 0.17307692307692307 0.060897435897435896 0.040865384615384616
4 0.022435897435897436 0.16346153846153846 0.04487179487179487 0.055288461538461536
4 0.030448717948717948 0.09375 0.060897435897435896 0.07211538461538461
3 0.46474358974358976 0.35336538461538464 0.20833333333333334 0.16105769230769232
3 0.6346153846153846 0.43990384615384615 0.1794871794871795 0.13221153846153846
3 0.41025641025641024 0.4735576923076923 0.1987179487179487 0.14182692307692307
3 0.5801282051282052 0.5576923076923077 0.18269230769230768 0.13942307692307693
5 0.40384615384615385 0.6081730769230769 0.20833333333333334 0.1466346153846154
5 0.4423076923076923 0.7668269230769231 0.1955128205128205 0.15625
5 0.0625 0.9158653846153846 0.125 0.10576923076923077
4 0.07371794871794872 0.9759615384615384 0.10576923076923077 0.04326923076923077
5 0.019230769230769232 0.8653846153846154 0.038461538461538464 0.08653846153846154