4 0.3782051282051282 0.28365384615384615 0.125 0.11298076923076923
5 0.5833333333333334 0.3269230769230769 0.14423076923076922 0.14182692307692307
4 0.5224358974358975 0.37259615384615385 0.0641025641025641 0.05048076923076923
3 0.36217948717948717 0.41586538461538464 0.16987179487179488 0.15144230769230768
4 0.5096153846153846 0.3918269230769231 0.08653846153846154 0.08173076923076923
3 0.5673076923076923 0.47596153846153844 0.2532051282051282 0.16346153846153846
5 0.5192307692307693 0.625 0.1987179487179487 0.14182692307692307
4 0.6602564102564102 0.6033653846153846 0.10897435897435898 0.10336538461538461
4 0.5737179487179487 0.7548076923076923 0.1762820512820513 0.125
4 0.5512820512820513 0.8533653846153846 0.1346153846153846 0.09615384615384616
4 0.5576923076923077 0.9302884615384616 0.10897435897435898 0.07692307692307693
4 0.5769230769230769 0.9783653846153846 0.09615384615384616 0.038461538461538464
4 0.7435897435897436 0.9447115384615384 0.09935897435897435 0.0889423076923077