5 0.6410256410256411 0.2764423076923077 0.1282051282051282 0.10096153846153846
3 0.483974358974359 0.28365384615384615 0.16666666666666666 0.1346153846153846
3 0.5032051282051282 0.41586538461538464 0.1794871794871795 0.13942307692307693
4 0.6538461538461539 0.45913461538461536 0.13141025641025642 0.07692307692307693
5 0.49038461538461536 0.5168269230769231 0.15384615384615385 0.10817307692307693
4 0.6794871794871795 0.5360576923076923 0.1794871794871795 0.12259615384615384
4 0.48717948717948717 0.5913461538461539 0.11858974358974358 0.07692307692307693
4 0.5705128205128205 0.6057692307692307 0.08333333333333333 0.04807692307692308
4 0.592948717948718 0.6466346153846154 0.11538461538461539 0.09134615384615384
4 0.4583333333333333 0.6153846153846154 0.0673076923076923 0.04326923076923077
3 0.3076923076923077 0.5697115384615384 0.11858974358974358 0.08173076923076923
3 0.20833333333333334 0.6394230769230769 0.125 0.0985576923076923
5 0.266025641025641 0.6826923076923077 0.10897435897435898 0.09134615384615384
4 0.38461538461538464 0.7379807692307693 0.08333333333333333 0.0673076923076923
4 0.28205128205128205 0.7620192307692307 0.07692307692307693 0.06009615384615385