1 0.6378205128205128 0.04567307692307692 0.18269230769230768 0.09134615384615384
1 0.6217948717948718 0.11298076923076923 0.16666666666666666 0.0985576923076923
1 0.6506410256410257 0.16826923076923078 0.18269230769230768 0.15384615384615385
1 0.6698717948717948 0.24278846153846154 0.12179487179487179 0.10576923076923077
1 0.25961538461538464 0.37740384615384615 0.10256410256410256 0.07692307692307693
1 0.15705128205128205 0.4110576923076923 0.09294871794871795 0.06971153846153846
1 0.2532051282051282 0.4254807692307692 0.09615384615384616 0.052884615384615384
1 0.30128205128205127 0.5216346153846154 0.08012820512820513 0.06009615384615385
2 0.2403846153846154 0.5456730769230769 0.13782051282051283 0.09134615384615384
2 0.5673076923076923 0.53125 0.21474358974358973 0.1466346153846154
1 0.7692307692307693 0.5048076923076923 0.1987179487179487 0.15625
2 0.030448717948717948 0.6514423076923077 0.060897435897435896 0.052884615384615384
1 0.019230769230769232 0.6875 0.035256410256410256 0.036057692307692304
0 0.05448717948717949 0.6947115384615384 0.08012820512820513 0.05048076923076923
1 0.07051282051282051 0.7211538461538461 0.060897435897435896 0.04326923076923077
2 0.2564102564102564 0.75 0.0641025641025641 0.04807692307692308
0 0.42628205128205127 0.8653846153846154 0.11858974358974358 0.09375
2 0.48717948717948717 0.9014423076923077 0.10576923076923077 0.0889423076923077