1 0.2860576923076923 0.041666666666666664 0.052884615384615384 0.07692307692307693
2 0.3581730769230769 0.05929487179487179 0.08173076923076923 0.11858974358974358
1 0.32211538461538464 0.11217948717948718 0.07211538461538461 0.11217948717948718
1 0.3870192307692308 0.15384615384615385 0.07451923076923077 0.09935897435897435
0 0.27884615384615385 0.3108974358974359 0.0985576923076923 0.11538461538461539
0 0.19230769230769232 0.32051282051282054 0.09615384615384616 0.13141025641025642
2 0.25961538461538464 0.40384615384615385 0.07932692307692307 0.09294871794871795
1 0.15865384615384615 0.48717948717948717 0.05048076923076923 0.060897435897435896
1 0.13942307692307693 0.5480769230769231 0.055288461538461536 0.0641025641025641
0 0.10817307692307693 0.6602564102564102 0.04567307692307692 0.05128205128205128
1 0.24519230769230768 0.7852564102564102 0.040865384615384616 0.04487179487179487
1 0.44711538461538464 0.8173076923076923 0.0625 0.08333333333333333
2 0.46153846153846156 0.9038461538461539 0.06490384615384616 0.08653846153846154
0 0.6346153846153846 0.592948717948718 0.040865384615384616 0.05128205128205128
1 0.6730769230769231 0.4423076923076923 0.07932692307692307 0.10256410256410256
0 0.6682692307692307 0.46153846153846156 0.0985576923076923 0.13782051282051283
2 0.5889423076923077 0.4326923076923077 0.0625 0.09935897435897435
2 0.6442307692307693 0.38461538461538464 0.08413461538461539 0.08333333333333333