4 0.4230769230769231 0.057692307692307696 0.16025641025641027 0.11538461538461539
4 0.5737179487179487 0.11298076923076923 0.16666666666666666 0.13221153846153846
4 0.5512820512820513 0.23798076923076922 0.16025641025641027 0.13221153846153846
4 0.4391025641025641 0.19951923076923078 0.13782051282051283 0.11778846153846154
4 0.28205128205128205 0.2620192307692308 0.19230769230769232 0.15144230769230768
4 0.5416666666666666 0.37740384615384615 0.12179487179487179 0.09375
4 0.5032051282051282 0.4182692307692308 0.15384615384615385 0.11778846153846154
4 0.41346153846153844 0.41346153846153844 0.08974358974358974 0.09134615384615384
4 0.41346153846153844 0.5144230769230769 0.10256410256410256 0.07932692307692307
4 0.5192307692307693 0.5480769230769231 0.14102564102564102 0.10576923076923077
4 0.5192307692307693 0.6538461538461539 0.11858974358974358 0.09134615384615384
4 0.38782051282051283 0.5961538461538461 0.125 0.09615384615384616
4 0.3814102564102564 0.6802884615384616 0.10897435897435898 0.08173076923076923
3 0.6025641025641025 0.6442307692307693 0.0673076923076923 0.05048076923076923
3 0.7339743589743589 0.8725961538461539 0.07051282051282051 0.055288461538461536
3 0.5544871794871795 0.6995192307692307 0.0641025641025641 0.04807692307692308
4 0.5128205128205128 0.7860576923076923 0.057692307692307696 0.04807692307692308
4 0.40064102564102566 0.7475961538461539 0.09294871794871795 0.07211538461538461
4 0.4198717948717949 0.7908653846153846 0.04807692307692308 0.03365384615384615
3 0.09615384615384616 0.6730769230769231 0.07051282051282051 0.04807692307692308
3 0.027243589743589744 0.6622596153846154 0.05448717948717949 0.05048076923076923
3 0.10256410256410256 0.71875 0.0673076923076923 0.04807692307692308
3 0.035256410256410256 0.7043269230769231 0.0673076923076923 0.04807692307692308
3 0.04807692307692308 0.7524038461538461 0.07051282051282051 0.05048076923076923
3 0.2467948717948718 0.49038461538461536 0.09935897435897435 0.06971153846153846
3 0.21153846153846154 0.7475961538461539 0.05128205128205128 0.03365384615384615