1 0.0673076923076923 0.0985576923076923 0.05128205128205128 0.05048076923076923
1 0.04487179487179487 0.12740384615384615 0.0673076923076923 0.052884615384615384
1 0.2467948717948718 0.2283653846153846 0.125 0.09375
1 0.36538461538461536 0.4014423076923077 0.05448717948717949 0.04326923076923077
1 0.08012820512820513 0.17067307692307693 0.022435897435897436 0.019230769230769232
1 0.09935897435897435 0.5817307692307693 0.08653846153846154 0.055288461538461536
2 0.0641025641025641 0.6394230769230769 0.11217948717948718 0.07692307692307693
1 0.1346153846153846 0.6177884615384616 0.0673076923076923 0.038461538461538464
1 0.15384615384615385 0.6706730769230769 0.09935897435897435 0.08653846153846154
2 0.8814102564102564 0.7379807692307693 0.05448717948717949 0.04567307692307692
2 0.4967948717948718 0.7331730769230769 0.07692307692307693 0.06009615384615385
1 0.5384615384615384 0.7740384615384616 0.05448717948717949 0.04567307692307692
1 0.5801282051282052 0.7692307692307693 0.05448717948717949 0.04807692307692308
2 0.7019230769230769 0.5072115384615384 0.1282051282051282 0.0889423076923077
1 0.6762820512820513 0.5961538461538461 0.09615384615384616 0.08653846153846154