1 0.6474358974358975 0.018028846153846152 0.16025641025641027 0.036057692307692304
1 0.5480769230769231 0.40625 0.12179487179487179 0.0985576923076923
1 0.5032051282051282 0.49759615384615385 0.10897435897435898 0.07692307692307693
1 0.4519230769230769 0.4375 0.1282051282051282 0.0985576923076923
2 0.4519230769230769 0.5288461538461539 0.10576923076923077 0.08653846153846154
1 0.4423076923076923 0.6081730769230769 0.1346153846153846 0.09134615384615384
2 0.5608974358974359 0.5625 0.14102564102564102 0.11057692307692307
2 0.08974358974358974 0.8774038461538461 0.07371794871794872 0.052884615384615384
2 0.035256410256410256 0.8870192307692307 0.0673076923076923 0.0625
2 0.5096153846153846 0.8389423076923077 0.10897435897435898 0.10817307692307693
1 0.11217948717948718 0.38461538461538464 0.07371794871794872 0.05048076923076923