3 0.6282051282051282 0.4206730769230769 0.14423076923076922 0.11298076923076923
5 0.25961538461538464 0.43990384615384615 0.1282051282051282 0.0889423076923077
5 0.4583333333333333 0.49278846153846156 0.11217948717948718 0.08413461538461539
4 0.057692307692307696 0.4014423076923077 0.11538461538461539 0.08413461538461539
4 0.6314102564102564 0.5793269230769231 0.10897435897435898 0.08413461538461539
4 0.47435897435897434 0.5913461538461539 0.08974358974358974 0.07211538461538461
4 0.6378205128205128 0.7139423076923077 0.09615384615384616 0.06971153846153846
4 0.48717948717948717 0.7091346153846154 0.07371794871794872 0.057692307692307696
4 0.6474358974358975 0.7740384615384616 0.07371794871794872 0.052884615384615384
5 0.1346153846153846 0.7451923076923077 0.05128205128205128 0.036057692307692304
5 0.1987179487179487 0.7908653846153846 0.05128205128205128 0.038461538461538464
4 0.14423076923076922 0.8485576923076923 0.05448717948717949 0.040865384615384616
3 0.3814102564102564 0.8653846153846154 0.035256410256410256 0.03365384615384615
3 0.3782051282051282 0.9254807692307693 0.038461538461538464 0.036057692307692304
5 0.36538461538461536 0.9134615384615384 0.03205128205128205 0.028846153846153848
3 0.3717948717948718 0.9639423076923077 0.038461538461538464 0.038461538461538464
3 0.5448717948717948 0.9663461538461539 0.04807692307692308 0.038461538461538464
3 0.5032051282051282 0.9783653846153846 0.041666666666666664 0.038461538461538464
5 0.483974358974359 0.9302884615384616 0.038461538461538464 0.036057692307692304
5 0.42948717948717946 0.9543269230769231 0.041666666666666664 0.036057692307692304
5 0.40384615384615385 0.9831730769230769 0.035256410256410256 0.028846153846153848
3 0.49038461538461536 0.9014423076923077 0.038461538461538464 0.03365384615384615
3 0.6153846153846154 0.8341346153846154 0.028846153846153848 0.02403846153846154
5 0.46474358974358976 0.8942307692307693 0.028846153846153848 0.03125
4 0.5801282051282052 0.9254807692307693 0.02564102564102564 0.021634615384615384
4 0.5416666666666666 0.8846153846153846 0.02564102564102564 0.019230769230769232
4 0.5160256410256411 0.9206730769230769 0.035256410256410256 0.02403846153846154
4 0.22435897435897437 0.7932692307692307 0.02564102564102564 0.028846153846153848
4 0.22435897435897437 0.47115384615384615 0.08974358974358974 0.052884615384615384
4 0.1987179487179487 0.5072115384615384 0.07371794871794872 0.04567307692307692
4 0.04807692307692308 0.45913461538461536 0.08974358974358974 0.055288461538461536
5 0.02564102564102564 0.8365384615384616 0.05128205128205128 0.040865384615384616
4 0.08012820512820513 0.8677884615384616 0.04807692307692308 0.036057692307692304
4 0.07692307692307693 0.7956730769230769 0.04807692307692308 0.03365384615384615
4 0.14743589743589744 0.8870192307692307 0.041666666666666664 0.03125
4 0.07371794871794872 0.9230769230769231 0.041666666666666664 0.03365384615384615
4 0.5801282051282052 0.9639423076923077 0.022435897435897436 0.02403846153846154