4 0.1987179487179487 0.04807692307692308 0.1346153846153846 0.09615384615384616
4 0.11858974358974358 0.04326923076923077 0.060897435897435896 0.08653846153846154
4 0.052884615384615384 0.025240384615384616 0.10576923076923077 0.05048076923076923
3 0.5865384615384616 0.2091346153846154 0.15064102564102563 0.1466346153846154
3 0.3942307692307692 0.28846153846153844 0.1794871794871795 0.13942307692307693
3 0.5416666666666666 0.3798076923076923 0.20192307692307693 0.15865384615384615
3 0.3974358974358974 0.49759615384615385 0.21474358974358973 0.15625
3 0.5769230769230769 0.5456730769230769 0.1858974358974359 0.13701923076923078
3 0.04807692307692308 0.5673076923076923 0.09294871794871795 0.06490384615384616
5 0.0641025641025641 0.5889423076923077 0.08653846153846154 0.05048076923076923
4 0.391025641025641 0.6586538461538461 0.16666666666666666 0.12980769230769232
4 0.5160256410256411 0.7740384615384616 0.11858974358974358 0.09615384615384616
4 0.40384615384615385 0.8052884615384616 0.14743589743589744 0.1201923076923077