1 0.8717948717948718 0.7403846153846154 0.1858974358974359 0.13701923076923078
1 0.9423076923076923 0.8293269230769231 0.10576923076923077 0.15144230769230768
1 0.6057692307692307 0.8004807692307693 0.08333333333333333 0.05048076923076923
1 0.625 0.7692307692307693 0.12179487179487179 0.09375
1 0.5641025641025641 0.7163461538461539 0.08653846153846154 0.07692307692307693
1 0.5128205128205128 0.9663461538461539 0.05128205128205128 0.05048076923076923
1 0.5448717948717948 0.4326923076923077 0.11538461538461539 0.07451923076923077
1 0.2403846153846154 0.3125 0.05448717948717949 0.036057692307692304
1 0.28205128205128205 0.5961538461538461 0.05128205128205128 0.03125
2 0.2467948717948718 0.59375 0.03205128205128205 0.03365384615384615
2 0.28205128205128205 0.5697115384615384 0.04807692307692308 0.03125
2 0.2467948717948718 0.5216346153846154 0.035256410256410256 0.04567307692307692
2 0.1987179487179487 0.5576923076923077 0.035256410256410256 0.021634615384615384
1 0.1955128205128205 0.5096153846153846 0.0641025641025641 0.052884615384615384
1 0.25 0.4951923076923077 0.04807692307692308 0.03125
1 0.23717948717948717 0.4567307692307692 0.07051282051282051 0.055288461538461536
2 0.09615384615384616 0.4807692307692308 0.02564102564102564 0.016826923076923076
1 0.09294871794871795 0.49759615384615385 0.02564102564102564 0.016826923076923076
2 0.07371794871794872 0.49278846153846156 0.028846153846153848 0.019230769230769232