4 0.23717948717948717 0.8701923076923077 0.08653846153846154 0.0673076923076923
4 0.07051282051282051 0.8870192307692307 0.10897435897435898 0.08653846153846154
4 0.5096153846153846 0.8557692307692307 0.09615384615384616 0.07211538461538461
4 0.5096153846153846 0.9206730769230769 0.02564102564102564 0.021634615384615384
4 0.4358974358974359 0.7211538461538461 0.11217948717948718 0.08413461538461539
4 0.38461538461538464 0.7379807692307693 0.060897435897435896 0.06009615384615385
3 0.5865384615384616 0.7235576923076923 0.12179487179487179 0.0985576923076923
4 0.5608974358974359 0.7716346153846154 0.04487179487179487 0.026442307692307692
4 0.20192307692307693 0.7259615384615384 0.057692307692307696 0.052884615384615384
4 0.15705128205128205 0.7716346153846154 0.041666666666666664 0.036057692307692304
4 0.3173076923076923 0.6850961538461539 0.10576923076923077 0.08653846153846154
4 0.19230769230769232 0.6586538461538461 0.09615384615384616 0.06971153846153846
4 0.42628205128205127 0.6538461538461539 0.10256410256410256 0.07211538461538461
5 0.3301282051282051 0.5889423076923077 0.09615384615384616 0.06971153846153846
3 0.1891025641025641 0.5793269230769231 0.10576923076923077 0.08173076923076923
5 0.028846153846153848 0.5168269230769231 0.04487179487179487 0.03125
4 0.6121794871794872 0.6586538461538461 0.10576923076923077 0.07932692307692307
3 0.5833333333333334 0.6081730769230769 0.08653846153846154 0.040865384615384616
5 0.6057692307692307 0.5697115384615384 0.11858974358974358 0.0889423076923077
4 0.6538461538461539 0.5288461538461539 0.07051282051282051 0.05048076923076923
4 0.7051282051282052 0.6105769230769231 0.10897435897435898 0.07932692307692307
5 0.6634615384615384 0.46153846153846156 0.08653846153846154 0.06009615384615385
5 0.6185897435897436 0.4855769230769231 0.0673076923076923 0.055288461538461536
5 0.5512820512820513 0.47596153846153844 0.060897435897435896 0.052884615384615384
3 0.8205128205128205 0.3894230769230769 0.09294871794871795 0.07451923076923077
3 0.625 0.4110576923076923 0.0673076923076923 0.06009615384615385
3 0.5256410256410257 0.4182692307692308 0.07371794871794872 0.057692307692307696
5 0.5576923076923077 0.39903846153846156 0.060897435897435896 0.052884615384615384