4 0.27884615384615385 0.24278846153846154 0.11858974358974358 0.09134615384615384
3 0.4935897435897436 0.24759615384615385 0.14743589743589744 0.11538461538461539
3 0.4935897435897436 0.36538461538461536 0.15064102564102563 0.14903846153846154
3 0.18269230769230768 0.34375 0.20512820512820512 0.15144230769230768
3 0.8525641025641025 0.47596153846153844 0.2724358974358974 0.19471153846153846
3 0.1794871794871795 0.49278846153846156 0.14743589743589744 0.12259615384615384
3 0.6987179487179487 0.5216346153846154 0.1794871794871795 0.15144230769230768
5 0.358974358974359 0.5432692307692307 0.14743589743589744 0.11538461538461539
3 0.5096153846153846 0.5841346153846154 0.20512820512820512 0.15384615384615385
5 0.6442307692307693 0.6105769230769231 0.16346153846153846 0.12980769230769232
4 0.22435897435897437 0.6225961538461539 0.15064102564102563 0.11057692307692307
4 0.4967948717948718 0.7115384615384616 0.16987179487179488 0.11778846153846154
4 0.6891025641025641 0.7283653846153846 0.15705128205128205 0.12980769230769232
5 0.07051282051282051 0.7283653846153846 0.060897435897435896 0.055288461538461536
4 0.057692307692307696 0.7860576923076923 0.08653846153846154 0.06490384615384616