4 0.05448717948717949 0.03365384615384615 0.08012820512820513 0.0625
3 0.6121794871794872 0.3125 0.10576923076923077 0.07932692307692307
4 0.48717948717948717 0.3581730769230769 0.12179487179487179 0.09134615384615384
5 0.4423076923076923 0.4014423076923077 0.09935897435897435 0.06971153846153846
3 0.358974358974359 0.44711538461538464 0.09294871794871795 0.052884615384615384
5 0.3525641025641026 0.3942307692307692 0.09294871794871795 0.06490384615384616
5 0.5 0.4182692307692308 0.08012820512820513 0.052884615384615384
5 0.5833333333333334 0.43028846153846156 0.09294871794871795 0.07211538461538461
4 0.6474358974358975 0.40865384615384615 0.08333333333333333 0.040865384615384616
4 0.6987179487179487 0.4543269230769231 0.057692307692307696 0.05048076923076923
4 0.6410256410256411 0.4855769230769231 0.09615384615384616 0.0625
4 0.532051282051282 0.46634615384615385 0.07371794871794872 0.052884615384615384
4 0.6923076923076923 0.5024038461538461 0.060897435897435896 0.04326923076923077
4 0.5737179487179487 0.5072115384615384 0.0641025641025641 0.036057692307692304
4 0.6121794871794872 0.5384615384615384 0.060897435897435896 0.055288461538461536
4 0.5705128205128205 0.5552884615384616 0.09935897435897435 0.0673076923076923
4 0.5993589743589743 0.6177884615384616 0.07692307692307693 0.0625
3 0.5032051282051282 0.9831730769230769 0.09935897435897435 0.028846153846153848
4 0.4551282051282051 0.46153846153846156 0.07692307692307693 0.05048076923076923
4 0.2403846153846154 0.4639423076923077 0.10897435897435898 0.06971153846153846
4 0.36217948717948717 0.5072115384615384 0.08974358974358974 0.057692307692307696
4 0.36538461538461536 0.5456730769230769 0.08653846153846154 0.05048076923076923
4 0.4326923076923077 0.5817307692307693 0.07371794871794872 0.052884615384615384
4 0.3814102564102564 0.6322115384615384 0.04487179487179487 0.03365384615384615
4 0.36217948717948717 0.6033653846153846 0.08012820512820513 0.055288461538461536
4 0.3108974358974359 0.5793269230769231 0.08012820512820513 0.055288461538461536
4 0.21474358974358973 0.59375 0.060897435897435896 0.026442307692307692
4 0.07051282051282051 0.6706730769230769 0.07371794871794872 0.052884615384615384
4 0.20512820512820512 0.5576923076923077 0.09615384615384616 0.0625
4 0.1794871794871795 0.5048076923076923 0.03205128205128205 0.028846153846153848
5 0.11858974358974358 0.4831730769230769 0.041666666666666664 0.03125
4 0.07051282051282051 0.45913461538461536 0.03205128205128205 0.026442307692307692
4 0.028846153846153848 0.4567307692307692 0.038461538461538464 0.028846153846153848
4 0.08653846153846154 0.42788461538461536 0.038461538461538464 0.026442307692307692
4 0.09935897435897435 0.3870192307692308 0.041666666666666664 0.03125
4 0.04487179487179487 0.38461538461538464 0.041666666666666664 0.03125
5 0.060897435897435896 0.3293269230769231 0.05128205128205128 0.03125
4 0.014423076923076924 0.3473557692307692 0.028846153846153848 0.03125
4 0.14102564102564102 0.34134615384615385 0.03205128205128205 0.02403846153846154
4 0.09935897435897435 0.3269230769230769 0.03205128205128205 0.021634615384615384
4 0.10897435897435898 0.2668269230769231 0.03205128205128205 0.02403846153846154
4 0.07371794871794872 0.27884615384615385 0.028846153846153848 0.021634615384615384
4 0.09615384615384616 0.30288461538461536 0.028846153846153848 0.021634615384615384
3 0.0673076923076923 0.2668269230769231 0.03205128205128205 0.021634615384615384
4 0.10576923076923077 0.35336538461538464 0.03205128205128205 0.021634615384615384
4 0.01282051282051282 0.37259615384615385 0.02564102564102564 0.04326923076923077
4 0.4583333333333333 0.28846153846153844 0.016025641025641024 0.026442307692307692
5 0.47115384615384615 0.2692307692307692 0.03205128205128205 0.016826923076923076