3 0.1282051282051282 0.3798076923076923 0.1891025641025641 0.13221153846153846
3 0.8653846153846154 0.31971153846153844 0.0673076923076923 0.04807692307692308
3 0.9807692307692307 0.31009615384615385 0.035256410256410256 0.04567307692307692
4 0.8621794871794872 0.3701923076923077 0.05128205128205128 0.040865384615384616
3 0.5512820512820513 0.3894230769230769 0.04807692307692308 0.040865384615384616
5 0.41346153846153844 0.5144230769230769 0.13782051282051283 0.11538461538461539
4 0.5512820512820513 0.4807692307692308 0.1891025641025641 0.12980769230769232
4 0.8653846153846154 0.5432692307692307 0.1794871794871795 0.1346153846153846
4 0.4326923076923077 0.6105769230769231 0.12179487179487179 0.09615384615384616
4 0.2916666666666667 0.6442307692307693 0.11538461538461539 0.0889423076923077
4 0.20512820512820512 0.7043269230769231 0.10256410256410256 0.08413461538461539
4 0.15705128205128205 0.7884615384615384 0.0673076923076923 0.052884615384615384
4 0.30448717948717946 0.8052884615384616 0.09294871794871795 0.07451923076923077
4 0.6217948717948718 0.6153846153846154 0.14423076923076922 0.10096153846153846
4 0.6987179487179487 0.6778846153846154 0.09615384615384616 0.06009615384615385
4 0.9166666666666666 0.65625 0.14423076923076922 0.09615384615384616