5 0.3782051282051282 0.3557692307692308 0.14423076923076922 0.12259615384615384
5 0.30128205128205127 0.37259615384615385 0.09935897435897435 0.09375
5 0.4519230769230769 0.34375 0.07692307692307693 0.09134615384615384
4 0.46474358974358976 0.42788461538461536 0.09935897435897435 0.08413461538461539
4 0.6378205128205128 0.41346153846153844 0.05448717948717949 0.055288461538461536
4 0.5224358974358975 0.47836538461538464 0.08012820512820513 0.06971153846153846
4 0.6538461538461539 0.5072115384615384 0.08333333333333333 0.07211538461538461
4 0.6025641025641025 0.5432692307692307 0.05128205128205128 0.0673076923076923
4 0.5 0.5408653846153846 0.09294871794871795 0.09375
4 0.6826923076923077 0.5697115384615384 0.07371794871794872 0.0625
4 0.25961538461538464 0.49759615384615385 0.12179487179487179 0.11298076923076923
4 0.5512820512820513 0.6033653846153846 0.07692307692307693 0.08653846153846154
4 0.6442307692307693 0.6129807692307693 0.028846153846153848 0.036057692307692304
4 0.391025641025641 0.5865384615384616 0.09935897435897435 0.10336538461538461
4 0.4326923076923077 0.6009615384615384 0.041666666666666664 0.06490384615384616
4 0.23717948717948717 0.59375 0.10897435897435898 0.10336538461538461
5 0.6185897435897436 0.6105769230769231 0.0673076923076923 0.057692307692307696
3 0.7532051282051282 0.6514423076923077 0.04807692307692308 0.04326923076923077
4 0.7019230769230769 0.625 0.038461538461538464 0.055288461538461536
4 0.4358974358974359 0.6466346153846154 0.07371794871794872 0.07692307692307693
4 0.28205128205128205 0.65625 0.08333333333333333 0.08173076923076923
4 0.25961538461538464 0.6778846153846154 0.0641025641025641 0.057692307692307696
4 0.21153846153846154 0.7139423076923077 0.0673076923076923 0.0673076923076923
5 0.7051282051282052 0.6875 0.07051282051282051 0.07932692307692307
5 0.6057692307692307 0.7259615384615384 0.07371794871794872 0.08173076923076923
4 0.5608974358974359 0.6875 0.05128205128205128 0.057692307692307696
4 0.5512820512820513 0.7163461538461539 0.041666666666666664 0.052884615384615384
4 0.5352564102564102 0.71875 0.05448717948717949 0.0625
4 0.42948717948717946 0.7163461538461539 0.060897435897435896 0.06490384615384616
4 0.38461538461538464 0.7764423076923077 0.04807692307692308 0.055288461538461536
4 0.36538461538461536 0.8076923076923077 0.038461538461538464 0.038461538461538464
4 0.3814102564102564 0.8293269230769231 0.041666666666666664 0.036057692307692304
4 0.7019230769230769 0.7403846153846154 0.07051282051282051 0.052884615384615384
4 0.6057692307692307 0.7788461538461539 0.04487179487179487 0.04567307692307692
4 0.7051282051282052 0.7764423076923077 0.0641025641025641 0.05048076923076923
4 0.6217948717948718 0.8149038461538461 0.060897435897435896 0.04567307692307692
4 0.6282051282051282 0.84375 0.057692307692307696 0.040865384615384616