4 0.9134615384615384 0.01201923076923077 0.08653846153846154 0.02403846153846154
4 0.8653846153846154 0.04567307692307692 0.08012820512820513 0.06971153846153846
4 0.8365384615384616 0.10817307692307693 0.0673076923076923 0.06009615384615385
4 0.7403846153846154 0.0985576923076923 0.07371794871794872 0.06009615384615385
4 0.8205128205128205 0.16346153846153846 0.07051282051282051 0.05048076923076923
4 0.7115384615384616 0.16346153846153846 0.057692307692307696 0.057692307692307696
4 0.7884615384615384 0.21634615384615385 0.05128205128205128 0.05048076923076923
4 0.7339743589743589 0.21394230769230768 0.057692307692307696 0.052884615384615384
4 0.7628205128205128 0.25721153846153844 0.04487179487179487 0.04807692307692308
4 0.7307692307692307 0.2644230769230769 0.041666666666666664 0.04807692307692308
3 0.7147435897435898 0.6370192307692307 0.035256410256410256 0.03125
5 0.5448717948717948 0.37259615384615385 0.16346153846153846 0.1778846153846154
4 0.75 0.5240384615384616 0.02564102564102564 0.028846153846153848
4 0.7147435897435898 0.5384615384615384 0.02564102564102564 0.02403846153846154
4 0.6794871794871795 0.5817307692307693 0.02564102564102564 0.019230769230769232
4 0.5897435897435898 0.8004807692307693 0.09294871794871795 0.0625
4 0.5160256410256411 0.7860576923076923 0.0673076923076923 0.07211538461538461
4 0.4583333333333333 0.75 0.09294871794871795 0.09134615384615384
4 0.4519230769230769 0.6850961538461539 0.11538461538461539 0.125
4 0.5608974358974359 0.53125 0.14743589743589744 0.13701923076923078
4 0.6057692307692307 0.6033653846153846 0.1346153846153846 0.06490384615384616
4 0.3974358974358974 0.59375 0.125 0.12259615384615384
4 0.375 0.49038461538461536 0.1346153846153846 0.14182692307692307