3 0.6185897435897436 0.3870192307692308 0.1762820512820513 0.13221153846153846
3 0.4198717948717949 0.41346153846153844 0.1858974358974359 0.13942307692307693
3 0.6602564102564102 0.5168269230769231 0.20833333333333334 0.15144230769230768
3 0.4519230769230769 0.5240384615384616 0.1762820512820513 0.10576923076923077
5 0.4583333333333333 0.6225961538461539 0.1891025641025641 0.1466346153846154
5 0.6314102564102564 0.6057692307692307 0.15064102564102563 0.10096153846153846
5 0.47115384615384615 0.7379807692307693 0.15705128205128205 0.11778846153846154
4 0.5961538461538461 0.7235576923076923 0.1282051282051282 0.10817307692307693
4 0.657051282051282 0.7956730769230769 0.16666666666666666 0.12740384615384615
4 0.5769230769230769 0.8557692307692307 0.13782051282051283 0.12259615384615384
3 0.05448717948717949 0.07932692307692307 0.10897435897435898 0.12259615384615384
3 0.05448717948717949 0.21153846153846154 0.10897435897435898 0.10817307692307693