4 0.7884615384615384 0.4326923076923077 0.1282051282051282 0.09615384615384616
4 0.7884615384615384 0.5024038461538461 0.05448717948717949 0.040865384615384616
4 0.7660256410256411 0.5576923076923077 0.060897435897435896 0.04567307692307692
4 0.6314102564102564 0.43990384615384615 0.15064102564102563 0.11778846153846154
4 0.6602564102564102 0.5264423076923077 0.11538461538461539 0.07932692307692307
4 0.6762820512820513 0.5673076923076923 0.0673076923076923 0.040865384615384616
4 0.47115384615384615 0.2283653846153846 0.1955128205128205 0.15865384615384615
4 0.14102564102564102 0.15384615384615385 0.08333333333333333 0.0673076923076923
4 0.030448717948717948 0.07091346153846154 0.060897435897435896 0.10336538461538461
4 0.04487179487179487 0.2932692307692308 0.0673076923076923 0.052884615384615384
4 0.019230769230769232 0.34615384615384615 0.038461538461538464 0.05048076923076923
4 0.04487179487179487 0.24278846153846154 0.07051282051282051 0.057692307692307696
3 0.17307692307692307 0.49278846153846156 0.1858974358974359 0.12259615384615384
4 0.4935897435897436 0.4567307692307692 0.1346153846153846 0.09615384615384616
4 0.40064102564102566 0.5168269230769231 0.1282051282051282 0.09615384615384616
4 0.32051282051282054 0.6033653846153846 0.07051282051282051 0.052884615384615384
4 0.30128205128205127 0.6466346153846154 0.060897435897435896 0.04326923076923077
4 0.2564102564102564 0.6298076923076923 0.08653846153846154 0.0625
4 0.266025641025641 0.6730769230769231 0.038461538461538464 0.028846153846153848
4 0.22115384615384615 0.6850961538461539 0.05128205128205128 0.03125
4 0.19230769230769232 0.625 0.05448717948717949 0.04567307692307692
4 0.7051282051282052 0.6442307692307693 0.041666666666666664 0.028846153846153848
4 0.6794871794871795 0.6057692307692307 0.04487179487179487 0.03365384615384615
4 0.782051282051282 0.6394230769230769 0.02564102564102564 0.016826923076923076
5 0.11858974358974358 0.8245192307692307 0.07371794871794872 0.06490384615384616
4 0.10256410256410256 0.875 0.04487179487179487 0.040865384615384616
4 0.11538461538461539 0.9086538461538461 0.05448717948717949 0.04326923076923077
4 0.0673076923076923 0.9495192307692307 0.057692307692307696 0.04567307692307692
4 0.14423076923076922 0.8509615384615384 0.041666666666666664 0.05048076923076923