3 0.46794871794871795 0.36538461538461536 0.10256410256410256 0.07211538461538461
3 0.49038461538461536 0.4326923076923077 0.08653846153846154 0.0673076923076923
5 0.4166666666666667 0.43509615384615385 0.08012820512820513 0.0625
3 0.38461538461538464 0.38221153846153844 0.08974358974358974 0.06971153846153846
5 0.5480769230769231 0.34375 0.05128205128205128 0.03365384615384615
5 0.5096153846153846 0.23557692307692307 0.04807692307692308 0.038461538461538464
4 0.532051282051282 0.37740384615384615 0.04487179487179487 0.03365384615384615
5 0.34294871794871795 0.44711538461538464 0.08012820512820513 0.057692307692307696
4 0.33653846153846156 0.4855769230769231 0.08012820512820513 0.04567307692307692
5 0.41346153846153844 0.49038461538461536 0.07371794871794872 0.052884615384615384
4 0.36217948717948717 0.5288461538461539 0.04487179487179487 0.05048076923076923
4 0.3173076923076923 0.5192307692307693 0.05128205128205128 0.04567307692307692
4 0.3942307692307692 0.5360576923076923 0.07371794871794872 0.057692307692307696
4 0.2948717948717949 0.5649038461538461 0.04487179487179487 0.04807692307692308
4 0.33974358974358976 0.5769230769230769 0.07371794871794872 0.052884615384615384
5 0.46474358974358976 0.5288461538461539 0.08012820512820513 0.0625
4 0.5192307692307693 0.4831730769230769 0.07692307692307693 0.055288461538461536
4 0.5865384615384616 0.5024038461538461 0.0673076923076923 0.05048076923076923
4 0.5897435897435898 0.5480769230769231 0.0673076923076923 0.04567307692307692
4 0.5288461538461539 0.5600961538461539 0.07051282051282051 0.055288461538461536
3 0.6858974358974359 0.46875 0.07051282051282051 0.04807692307692308
3 0.6826923076923077 0.5168269230769231 0.07371794871794872 0.05048076923076923
5 0.7371794871794872 0.5168269230769231 0.038461538461538464 0.040865384615384616
4 0.717948717948718 0.5504807692307693 0.05128205128205128 0.036057692307692304
5 0.6794871794871795 0.5408653846153846 0.0673076923076923 0.028846153846153848
3 0.5769230769230769 0.6418269230769231 0.041666666666666664 0.038461538461538464
3 0.5801282051282052 0.6754807692307693 0.057692307692307696 0.040865384615384616
5 0.5769230769230769 0.7139423076923077 0.05128205128205128 0.038461538461538464
5 0.5384615384615384 0.7427884615384616 0.05448717948717949 0.040865384615384616
5 0.532051282051282 0.7139423076923077 0.038461538461538464 0.028846153846153848
3 0.7371794871794872 0.8677884615384616 0.05128205128205128 0.040865384615384616
3 0.6858974358974359 0.8533653846153846 0.035256410256410256 0.036057692307692304
3 0.6794871794871795 0.8389423076923077 0.04487179487179487 0.03365384615384615