3 0.5128205128205128 0.18269230769230768 0.22435897435897437 0.18269230769230768
3 0.7564102564102564 0.25240384615384615 0.1891025641025641 0.1466346153846154
3 0.5256410256410257 0.4639423076923077 0.21153846153846154 0.15865384615384615
5 0.7307692307692307 0.53125 0.15705128205128205 0.11538461538461539
5 0.5128205128205128 0.6057692307692307 0.16025641025641027 0.11778846153846154
3 0.24358974358974358 0.6995192307692307 0.13782051282051283 0.10817307692307693
4 0.5352564102564102 0.7163461538461539 0.13782051282051283 0.10336538461538461
4 0.7724358974358975 0.9182692307692307 0.14102564102564102 0.1346153846153846
4 0.7403846153846154 0.9855769230769231 0.09935897435897435 0.026442307692307692
5 0.3942307692307692 0.7475961538461539 0.10897435897435898 0.08653846153846154
4 0.40705128205128205 0.8149038461538461 0.07692307692307693 0.055288461538461536
4 0.33974358974358976 0.8629807692307693 0.11538461538461539 0.09375
5 0.2948717948717949 0.7884615384615384 0.125 0.10096153846153846
5 0.16346153846153846 0.49759615384615385 0.07051282051282051 0.04807692307692308
4 0.23076923076923078 0.5841346153846154 0.041666666666666664 0.038461538461538464
4 0.19230769230769232 0.6009615384615384 0.041666666666666664 0.03365384615384615
4 0.08333333333333333 0.4567307692307692 0.05448717948717949 0.040865384615384616
4 0.09935897435897435 0.4951923076923077 0.04807692307692308 0.03125
4 0.0673076923076923 0.5096153846153846 0.04487179487179487 0.036057692307692304
3 0.09615384615384616 0.5384615384615384 0.05128205128205128 0.03365384615384615
4 0.04487179487179487 0.5408653846153846 0.04807692307692308 0.03125
3 0.057692307692307696 0.41346153846153844 0.057692307692307696 0.04326923076923077
5 0.10897435897435898 0.43509615384615385 0.05448717948717949 0.036057692307692304
3 0.13141025641025642 0.7524038461538461 0.038461538461538464 0.028846153846153848