3 0.6666666666666666 0.39663461538461536 0.12179487179487179 0.09134615384615384
3 0.7916666666666666 0.5552884615384616 0.14423076923076922 0.09375
3 0.2916666666666667 0.6105769230769231 0.09935897435897435 0.07692307692307693
3 0.15064102564102563 0.40865384615384615 0.10256410256410256 0.07692307692307693
5 0.6506410256410257 0.5144230769230769 0.10576923076923077 0.07932692307692307
5 0.1858974358974359 0.6322115384615384 0.09294871794871795 0.0673076923076923
4 0.625 0.59375 0.09615384615384616 0.07451923076923077
4 0.592948717948718 0.6442307692307693 0.08653846153846154 0.06009615384615385
4 0.6923076923076923 0.6586538461538461 0.12179487179487179 0.08413461538461539
4 0.6410256410256411 0.7211538461538461 0.09935897435897435 0.08173076923076923
4 0.5641025641025641 0.71875 0.0641025641025641 0.06971153846153846
3 0.1987179487179487 0.5336538461538461 0.09935897435897435 0.06971153846153846
5 0.125 0.4807692307692308 0.09294871794871795 0.0673076923076923
4 0.0641025641025641 0.5240384615384616 0.08653846153846154 0.052884615384615384
4 0.08974358974358974 0.6153846153846154 0.07692307692307693 0.052884615384615384
4 0.21794871794871795 0.6947115384615384 0.08012820512820513 0.0625
4 0.3141025641025641 0.6995192307692307 0.07051282051282051 0.05048076923076923