4 0.9166666666666666 0.07932692307692307 0.16025641025641027 0.15625
3 0.5641025641025641 0.16346153846153846 0.18269230769230768 0.16826923076923078
3 0.4326923076923077 0.24519230769230768 0.23717948717948717 0.18028846153846154
3 0.5512820512820513 0.3245192307692308 0.1858974358974359 0.1466346153846154
4 0.44551282051282054 0.4495192307692308 0.14102564102564102 0.11778846153846154
4 0.6282051282051282 0.5120192307692307 0.16025641025641027 0.125
4 0.532051282051282 0.7067307692307693 0.13782051282051283 0.11298076923076923
4 0.6826923076923077 0.7860576923076923 0.14423076923076922 0.1201923076923077
4 0.6121794871794872 0.8870192307692307 0.13141025641025642 0.11057692307692307
4 0.5 0.8677884615384616 0.08653846153846154 0.0889423076923077
5 0.07692307692307693 0.7283653846153846 0.11858974358974358 0.08653846153846154
4 0.16025641025641027 0.6971153846153846 0.10576923076923077 0.07211538461538461
3 0.15384615384615385 0.625 0.11217948717948718 0.0889423076923077
3 0.08653846153846154 0.6153846153846154 0.13782051282051283 0.08653846153846154
3 0.14423076923076922 0.5120192307692307 0.125 0.08413461538461539