0 0.2948717948717949 0.4735576923076923 0.24358974358974358 0.17548076923076922
2 0.2403846153846154 0.9567307692307693 0.10576923076923077 0.08413461538461539
1 0.5224358974358975 0.6658653846153846 0.1955128205128205 0.15625
2 0.33974358974358976 0.6298076923076923 0.20512820512820512 0.16346153846153846
2 0.11217948717948718 0.5456730769230769 0.0641025641025641 0.04326923076923077
0 0.7467948717948718 0.53125 0.09615384615384616 0.06009615384615385
2 0.49038461538461536 0.5360576923076923 0.20833333333333334 0.15384615384615385
1 0.027243589743589744 0.35697115384615385 0.05448717948717949 0.07451923076923077
1 0.0673076923076923 0.3605769230769231 0.060897435897435896 0.04326923076923077
1 0.027243589743589744 0.13581730769230768 0.05448717948717949 0.07451923076923077
1 0.6153846153846154 0.040865384615384616 0.07051282051282051 0.04326923076923077
1 0.6891025641025641 0.03365384615384615 0.0641025641025641 0.026442307692307692
1 0.5705128205128205 0.038461538461538464 0.03205128205128205 0.038461538461538464
1 0.625 0.3293269230769231 0.08974358974358974 0.0625
1 0.4391025641025641 0.32211538461538464 0.05128205128205128 0.038461538461538464
1 0.6730769230769231 0.2980769230769231 0.0673076923076923 0.04567307692307692
2 0.5192307692307693 0.4326923076923077 0.05448717948717949 0.038461538461538464