3 0.6730769230769231 0.33413461538461536 0.17307692307692307 0.1658653846153846
5 0.6314102564102564 0.43990384615384615 0.14102564102564102 0.12740384615384615
3 0.5096153846153846 0.46634615384615385 0.1891025641025641 0.17307692307692307
3 0.5865384615384616 0.5456730769230769 0.16025641025641027 0.12980769230769232
5 0.42948717948717946 0.5889423076923077 0.1794871794871795 0.15625
4 0.5032051282051282 0.65625 0.14102564102564102 0.1346153846153846
4 0.3108974358974359 0.6634615384615384 0.15064102564102563 0.15625
4 0.42628205128205127 0.75 0.14102564102564102 0.125
3 0.8974358974358975 0.9182692307692307 0.04487179487179487 0.052884615384615384
3 0.907051282051282 0.9326923076923077 0.041666666666666664 0.040865384615384616
3 0.875 0.9543269230769231 0.038461538461538464 0.04567307692307692
3 0.9519230769230769 0.9663461538461539 0.04807692307692308 0.026442307692307692
4 0.020833333333333332 0.890625 0.041666666666666664 0.08413461538461539
4 0.030448717948717948 0.7860576923076923 0.060897435897435896 0.08173076923076923
3 0.014423076923076924 0.39903846153846156 0.028846153846153848 0.03365384615384615
3 0.00641025641025641 0.4110576923076923 0.009615384615384616 0.021634615384615384
3 0.10897435897435898 0.46153846153846156 0.04807692307692308 0.036057692307692304
5 0.10576923076923077 0.4831730769230769 0.038461538461538464 0.026442307692307692
5 0.08653846153846154 0.49038461538461536 0.04807692307692308 0.03365384615384615
5 0.07692307692307693 0.5096153846153846 0.041666666666666664 0.02403846153846154
4 0.05448717948717949 0.53125 0.038461538461538464 0.026442307692307692
4 0.08012820512820513 0.5264423076923077 0.035256410256410256 0.019230769230769232
4 0.0641025641025641 0.5480769230769231 0.035256410256410256 0.021634615384615384
3 0.1987179487179487 0.5192307692307693 0.057692307692307696 0.04567307692307692
3 0.14743589743589744 0.5240384615384616 0.0641025641025641 0.05048076923076923
3 0.1891025641025641 0.5552884615384616 0.03205128205128205 0.040865384615384616
3 0.15384615384615385 0.5552884615384616 0.057692307692307696 0.038461538461538464
5 0.11538461538461539 0.5745192307692307 0.04807692307692308 0.04567307692307692
5 0.15705128205128205 0.5817307692307693 0.03205128205128205 0.028846153846153848
4 0.1282051282051282 0.6009615384615384 0.04807692307692308 0.036057692307692304
4 0.9743589743589743 0.6442307692307693 0.04807692307692308 0.038461538461538464
3 0.9775641025641025 0.5985576923076923 0.038461538461538464 0.06009615384615385
5 0.32051282051282054 0.09375 0.041666666666666664 0.040865384615384616
4 0.1794871794871795 0.0985576923076923 0.038461538461538464 0.040865384615384616
4 0.15064102564102563 0.16105769230769232 0.028846153846153848 0.02403846153846154
4 0.3525641025641026 0.14423076923076922 0.038461538461538464 0.038461538461538464
4 0.11858974358974358 0.2091346153846154 0.028846153846153848 0.03125
4 0.21474358974358973 0.17548076923076922 0.028846153846153848 0.040865384615384616
4 0.2692307692307692 0.16105769230769232 0.038461538461538464 0.03125
4 0.1762820512820513 0.21394230769230768 0.03205128205128205 0.02403846153846154
4 0.14743589743589744 0.22115384615384615 0.02564102564102564 0.028846153846153848
4 0.25961538461538464 0.1875 0.028846153846153848 0.040865384615384616
4 0.32051282051282054 0.1875 0.035256410256410256 0.038461538461538464
4 0.358974358974359 0.18509615384615385 0.038461538461538464 0.036057692307692304
4 0.1955128205128205 0.19951923076923078 0.035256410256410256 0.026442307692307692
4 0.32051282051282054 0.21394230769230768 0.028846153846153848 0.028846153846153848
4 0.5608974358974359 0.1466346153846154 0.03205128205128205 0.036057692307692304
4 0.532051282051282 0.17548076923076922 0.028846153846153848 0.03125
5 0.6057692307692307 0.15865384615384615 0.035256410256410256 0.03365384615384615
4 0.5769230769230769 0.17548076923076922 0.028846153846153848 0.03125
4 0.6314102564102564 0.12980769230769232 0.028846153846153848 0.03125
4 0.5480769230769231 0.19951923076923078 0.028846153846153848 0.028846153846153848
4 0.5256410256410257 0.20673076923076922 0.022435897435897436 0.021634615384615384
4 0.1987179487179487 0.17548076923076922 0.028846153846153848 0.040865384615384616
4 0.7019230769230769 0.16346153846153846 0.022435897435897436 0.02403846153846154
3 0.057692307692307696 0.8125 0.035256410256410256 0.026442307692307692
3 0.07051282051282051 0.8341346153846154 0.03205128205128205 0.026442307692307692
5 0.05448717948717949 0.8389423076923077 0.02564102564102564 0.026442307692307692