4 0.6378205128205128 0.1346153846153846 0.16987179487179488 0.14182692307692307
4 0.6089743589743589 0.25961538461538464 0.08653846153846154 0.12980769230769232
4 0.46153846153846156 0.2668269230769231 0.1987179487179487 0.15625
4 0.5961538461538461 0.47596153846153844 0.17307692307692307 0.13701923076923078
4 0.028846153846153848 0.5144230769230769 0.057692307692307696 0.07211538461538461
4 0.08974358974358974 0.53125 0.08012820512820513 0.052884615384615384
4 0.05448717948717949 0.5841346153846154 0.07051282051282051 0.03125
4 0.04487179487179487 0.6129807692307693 0.08653846153846154 0.0625
4 0.3942307692307692 0.5985576923076923 0.18269230769230768 0.14423076923076922
4 0.5608974358974359 0.6706730769230769 0.16666666666666666 0.12740384615384615
4 0.057692307692307696 0.6850961538461539 0.0641025641025641 0.04567307692307692
4 0.5384615384615384 0.7884615384615384 0.14743589743589744 0.12740384615384615
3 0.3814102564102564 0.8389423076923077 0.16025641025641027 0.13221153846153846