1 0.1987179487179487 0.2283653846153846 0.10897435897435898 0.10817307692307693
1 0.23397435897435898 0.2668269230769231 0.15064102564102563 0.11538461538461539
1 0.3141025641025641 0.2860576923076923 0.10897435897435898 0.11057692307692307
1 0.7307692307692307 0.31490384615384615 0.1762820512820513 0.13221153846153846
1 0.5897435897435898 0.35096153846153844 0.16346153846153846 0.11778846153846154
1 0.4967948717948718 0.6802884615384616 0.16025641025641027 0.1201923076923077
1 0.6346153846153846 0.6706730769230769 0.11858974358974358 0.09375
1 0.5673076923076923 0.7475961538461539 0.10897435897435898 0.08653846153846154
2 0.483974358974359 0.8870192307692307 0.09294871794871795 0.07932692307692307
1 0.5352564102564102 0.9182692307692307 0.08012820512820513 0.06971153846153846
1 0.24358974358974358 0.6298076923076923 0.041666666666666664 0.06009615384615385
1 0.25 0.6826923076923077 0.07692307692307693 0.06490384615384616
1 0.2948717948717949 0.6850961538461539 0.035256410256410256 0.038461538461538464
1 0.25961538461538464 0.7139423076923077 0.07371794871794872 0.038461538461538464
1 0.08974358974358974 0.5961538461538461 0.04487179487179487 0.021634615384615384
1 0.125 0.6057692307692307 0.028846153846153848 0.021634615384615384
2 0.09294871794871795 0.6105769230769231 0.038461538461538464 0.016826923076923076
2 0.10897435897435898 0.5769230769230769 0.022435897435897436 0.028846153846153848
1 0.07371794871794872 0.4855769230769231 0.04487179487179487 0.040865384615384616
1 0.028846153846153848 0.34615384615384615 0.04487179487179487 0.03125
1 0.0673076923076923 0.33413461538461536 0.05448717948717949 0.026442307692307692