3 0.625 0.27403846153846156 0.14423076923076922 0.09375
3 0.6410256410256411 0.34615384615384615 0.14423076923076922 0.1201923076923077
3 0.7339743589743589 0.40625 0.125 0.11057692307692307
3 0.6185897435897436 0.42788461538461536 0.14102564102564102 0.10096153846153846
3 0.46153846153846156 0.34375 0.16346153846153846 0.12980769230769232
3 0.4198717948717949 0.39903846153846156 0.12179487179487179 0.0985576923076923
3 0.5384615384615384 0.3605769230769231 0.07051282051282051 0.09375
5 0.6858974358974359 0.4855769230769231 0.11858974358974358 0.06490384615384616
5 0.30448717948717946 0.4110576923076923 0.16346153846153846 0.12740384615384615
3 0.7083333333333334 0.5384615384615384 0.15064102564102563 0.11298076923076923
4 0.28525641025641024 0.5120192307692307 0.14423076923076922 0.10817307692307693
4 0.41346153846153844 0.5697115384615384 0.12179487179487179 0.0889423076923077
4 0.7051282051282052 0.6274038461538461 0.11217948717948718 0.07692307692307693
4 0.7339743589743589 0.6586538461538461 0.09615384615384616 0.04567307692307692
3 0.3814102564102564 0.7908653846153846 0.10576923076923077 0.08173076923076923
3 0.75 0.8221153846153846 0.05448717948717949 0.06009615384615385
5 0.30448717948717946 0.7740384615384616 0.11858974358974358 0.07692307692307693