1 0.5512820512820513 0.35336538461538464 0.16987179487179488 0.1778846153846154
1 0.6698717948717948 0.39663461538461536 0.16025641025641027 0.1466346153846154
1 0.20833333333333334 0.05048076923076923 0.038461538461538464 0.036057692307692304
1 0.2980769230769231 0.057692307692307696 0.041666666666666664 0.036057692307692304
1 0.2724358974358974 0.0889423076923077 0.057692307692307696 0.055288461538461536
1 0.5993589743589743 0.6033653846153846 0.14423076923076922 0.10817307692307693
1 0.5608974358974359 0.6995192307692307 0.12179487179487179 0.10336538461538461
2 0.40384615384615385 0.7403846153846154 0.09294871794871795 0.08173076923076923
2 0.4807692307692308 0.7764423076923077 0.08974358974358974 0.07211538461538461
1 0.44551282051282054 0.8269230769230769 0.125 0.0985576923076923
1 0.33653846153846156 0.8990384615384616 0.060897435897435896 0.03365384615384615
0 0.34294871794871795 0.9278846153846154 0.07371794871794872 0.055288461538461536
2 0.1762820512820513 0.24519230769230768 0.035256410256410256 0.040865384615384616
2 0.07051282051282051 0.3076923076923077 0.05448717948717949 0.038461538461538464