4 0.25 0.6225961538461539 0.125 0.08653846153846154
4 0.21474358974358973 0.6923076923076923 0.07051282051282051 0.06009615384615385
4 0.22756410256410256 0.5769230769230769 0.11858974358974358 0.06009615384615385
4 0.18269230769230768 0.65625 0.0673076923076923 0.04807692307692308
4 0.14743589743589744 0.625 0.08653846153846154 0.0673076923076923
4 0.20833333333333334 0.75 0.08974358974358974 0.0625
4 0.04807692307692308 0.5793269230769231 0.057692307692307696 0.04326923076923077
4 0.08333333333333333 0.6586538461538461 0.05128205128205128 0.038461538461538464
4 0.38461538461538464 0.8100961538461539 0.08333333333333333 0.06971153846153846
4 0.4166666666666667 0.6947115384615384 0.11538461538461539 0.08653846153846154
4 0.5384615384615384 0.7043269230769231 0.11538461538461539 0.09134615384615384
5 0.4935897435897436 0.5793269230769231 0.15384615384615385 0.11298076923076923
5 0.3717948717948718 0.5697115384615384 0.11858974358974358 0.09134615384615384
4 0.3525641025641026 0.49759615384615385 0.12179487179487179 0.0889423076923077
5 0.44871794871794873 0.4182692307692308 0.13782051282051283 0.10576923076923077
4 0.2980769230769231 0.4423076923076923 0.08974358974358974 0.06490384615384616
5 0.5192307692307693 0.39663461538461536 0.09294871794871795 0.08653846153846154
5 0.5608974358974359 0.4375 0.08333333333333333 0.07692307692307693
5 0.657051282051282 0.4182692307692308 0.1346153846153846 0.09615384615384616
4 0.6025641025641025 0.5625 0.07371794871794872 0.055288461538461536
4 0.6730769230769231 0.5600961538461539 0.0673076923076923 0.05048076923076923
4 0.6698717948717948 0.49759615384615385 0.09294871794871795 0.07211538461538461
4 0.8205128205128205 0.5240384615384616 0.05448717948717949 0.04326923076923077
4 0.7147435897435898 0.44471153846153844 0.028846153846153848 0.028846153846153848
4 0.6153846153846154 0.49278846153846156 0.057692307692307696 0.057692307692307696
4 0.8910256410256411 0.37259615384615385 0.0641025641025641 0.04567307692307692
4 0.9166666666666666 0.3245192307692308 0.0673076923076923 0.04567307692307692
4 0.9775641025641025 0.27884615384615385 0.038461538461538464 0.06490384615384616
4 0.9711538461538461 0.25961538461538464 0.05128205128205128 0.038461538461538464
4 0.7596153846153846 0.40384615384615385 0.05128205128205128 0.026442307692307692
4 0.25 0.53125 0.07371794871794872 0.052884615384615384
4 0.08012820512820513 0.44711538461538464 0.0673076923076923 0.04567307692307692
4 0.11538461538461539 0.5048076923076923 0.038461538461538464 0.028846153846153848