1 0.10576923076923077 0.125 0.1762820512820513 0.1466346153846154
1 0.22115384615384615 0.028846153846153848 0.0641025641025641 0.055288461538461536
1 0.15384615384615385 0.47115384615384615 0.1955128205128205 0.13221153846153846
1 0.15064102564102563 0.5336538461538461 0.15384615384615385 0.04326923076923077
1 0.27884615384615385 0.36778846153846156 0.04807692307692308 0.036057692307692304
1 0.4326923076923077 0.5769230769230769 0.09935897435897435 0.09134615384615384
1 0.5416666666666666 0.5961538461538461 0.1282051282051282 0.10096153846153846
1 0.02564102564102564 0.8413461538461539 0.05128205128205128 0.09615384615384616
1 0.20192307692307693 0.8197115384615384 0.09615384615384616 0.07211538461538461
1 0.9262820512820513 0.7043269230769231 0.07371794871794872 0.052884615384615384
1 0.842948717948718 0.8245192307692307 0.0641025641025641 0.04807692307692308
1 0.8365384615384616 0.8653846153846154 0.0641025641025641 0.05048076923076923