4 0.08814102564102565 0.037259615384615384 0.1762820512820513 0.07451923076923077
4 0.1858974358974359 0.06009615384615385 0.14423076923076922 0.09615384615384616
4 0.3141025641025641 0.06971153846153846 0.11217948717948718 0.06971153846153846
4 0.28846153846153844 0.12740384615384615 0.16987179487179488 0.14182692307692307
4 0.30448717948717946 0.24759615384615385 0.13141025641025642 0.09615384615384616
4 0.17307692307692307 0.28846153846153844 0.10897435897435898 0.08413461538461539
4 0.266025641025641 0.33413461538461536 0.08974358974358974 0.06971153846153846
3 0.46794871794871795 0.5697115384615384 0.1282051282051282 0.09375
3 0.3141025641025641 0.6105769230769231 0.20192307692307693 0.1466346153846154
3 0.6378205128205128 0.6274038461538461 0.1282051282051282 0.11057692307692307
4 0.6314102564102564 0.6971153846153846 0.057692307692307696 0.040865384615384616
3 0.4935897435897436 0.6802884615384616 0.1858974358974359 0.15625
3 0.49038461538461536 0.8389423076923077 0.22756410256410256 0.18028846153846154