5 0.9711538461538461 0.8894230769230769 0.04807692307692308 0.05048076923076923
4 0.46153846153846156 0.9615384615384616 0.03205128205128205 0.026442307692307692
4 0.4807692307692308 0.9831730769230769 0.019230769230769232 0.019230769230769232
5 0.5224358974358975 0.9735576923076923 0.041666666666666664 0.038461538461538464
3 0.6794871794871795 0.6875 0.05128205128205128 0.036057692307692304
5 0.7435897435897436 0.6586538461538461 0.04487179487179487 0.03365384615384615
4 0.75 0.6899038461538461 0.03205128205128205 0.026442307692307692
4 0.7243589743589743 0.7163461538461539 0.035256410256410256 0.021634615384615384
4 0.5288461538461539 0.6634615384615384 0.11217948717948718 0.07692307692307693
5 0.5801282051282052 0.7115384615384616 0.02564102564102564 0.021634615384615384
4 0.46794871794871795 0.6778846153846154 0.08012820512820513 0.07211538461538461
4 0.375 0.6971153846153846 0.09935897435897435 0.07451923076923077
3 0.5576923076923077 0.7019230769230769 0.02564102564102564 0.016826923076923076
4 0.32051282051282054 0.6490384615384616 0.11858974358974358 0.08653846153846154
4 0.5416666666666666 0.5745192307692307 0.11858974358974358 0.09134615384615384
4 0.375 0.5649038461538461 0.13782051282051283 0.10336538461538461
5 0.5384615384615384 0.4567307692307692 0.1346153846153846 0.10096153846153846