3 0.30448717948717946 0.38221153846153844 0.08653846153846154 0.09375
5 0.28525641025641024 0.46153846153846156 0.11538461538461539 0.07932692307692307
4 0.3173076923076923 0.5264423076923077 0.08653846153846154 0.07211538461538461
5 0.4423076923076923 0.49038461538461536 0.08974358974358974 0.08653846153846154
4 0.4583333333333333 0.5721153846153846 0.08012820512820513 0.07692307692307693
4 0.391025641025641 0.28125 0.060897435897435896 0.04807692307692308
4 0.38461538461538464 0.2620192307692308 0.04487179487179487 0.03365384615384615
4 0.4230769230769231 0.2956730769230769 0.057692307692307696 0.052884615384615384
4 0.4583333333333333 0.31490384615384615 0.057692307692307696 0.052884615384615384
4 0.49038461538461536 0.3485576923076923 0.04807692307692308 0.04326923076923077
4 0.44551282051282054 0.3581730769230769 0.041666666666666664 0.038461538461538464
4 0.4198717948717949 0.35096153846153844 0.02564102564102564 0.02403846153846154
4 0.391025641025641 0.5697115384615384 0.060897435897435896 0.04326923076923077
4 0.46474358974358976 0.6225961538461539 0.057692307692307696 0.040865384615384616
4 0.5160256410256411 0.625 0.04487179487179487 0.04326923076923077
4 0.4775641025641026 0.6610576923076923 0.0673076923076923 0.052884615384615384
4 0.5096153846153846 0.7067307692307693 0.04807692307692308 0.04567307692307692
4 0.4326923076923077 0.6682692307692307 0.035256410256410256 0.04567307692307692