4 0.5416666666666666 0.2764423076923077 0.14102564102564102 0.11298076923076923
4 0.8846153846153846 0.3245192307692308 0.13782051282051283 0.0889423076923077
4 0.6538461538461539 0.38221153846153844 0.13141025641025642 0.11057692307692307
4 0.3333333333333333 0.37740384615384615 0.15064102564102563 0.11298076923076923
4 0.7435897435897436 0.46875 0.10897435897435898 0.08653846153846154
4 0.4326923076923077 0.43509615384615385 0.11858974358974358 0.09375
4 0.34615384615384615 0.47596153846153844 0.10576923076923077 0.08173076923076923
4 0.8782051282051282 0.5072115384615384 0.08333333333333333 0.057692307692307696
4 0.3333333333333333 0.5264423076923077 0.09294871794871795 0.052884615384615384
4 0.7692307692307693 0.5264423076923077 0.060897435897435896 0.038461538461538464
4 0.717948717948718 0.5240384615384616 0.05448717948717949 0.038461538461538464
4 0.7660256410256411 0.5552884615384616 0.0673076923076923 0.036057692307692304
4 0.28525641025641024 0.5673076923076923 0.09294871794871795 0.07692307692307693
5 0.36538461538461536 0.5865384615384616 0.10256410256410256 0.06490384615384616
4 0.41346153846153844 0.6153846153846154 0.09935897435897435 0.07692307692307693
5 0.3301282051282051 0.6634615384615384 0.14102564102564102 0.10096153846153846
4 0.25961538461538464 0.6610576923076923 0.05448717948717949 0.06971153846153846
4 0.3141025641025641 0.8317307692307693 0.09935897435897435 0.07451923076923077
4 0.3717948717948718 0.8245192307692307 0.0673076923076923 0.0673076923076923
3 0.3269230769230769 0.7692307692307693 0.04487179487179487 0.052884615384615384
4 0.5064102564102564 0.8076923076923077 0.07371794871794872 0.06009615384615385
4 0.46153846153846156 0.8701923076923077 0.08974358974358974 0.07692307692307693
4 0.41346153846153844 0.8653846153846154 0.0641025641025641 0.0673076923076923