4 0.32371794871794873 0.19230769230769232 0.13782051282051283 0.10817307692307693
4 0.32051282051282054 0.31009615384615385 0.08012820512820513 0.08653846153846154
3 0.6217948717948718 0.3629807692307692 0.15064102564102563 0.1201923076923077
4 0.7115384615384616 0.40865384615384615 0.125 0.0889423076923077
4 0.5769230769230769 0.46634615384615385 0.14423076923076922 0.11778846153846154
4 0.49038461538461536 0.5048076923076923 0.15705128205128205 0.1201923076923077
3 0.75 0.4639423076923077 0.16346153846153846 0.125
4 0.7628205128205128 0.53125 0.09294871794871795 0.02403846153846154
4 0.8012820512820513 0.53125 0.057692307692307696 0.038461538461538464
4 0.8269230769230769 0.5625 0.0641025641025641 0.04807692307692308
4 0.5641025641025641 0.6105769230769231 0.14423076923076922 0.11778846153846154
4 0.6410256410256411 0.7139423076923077 0.125 0.09375
4 0.5544871794871795 0.7716346153846154 0.09615384615384616 0.08173076923076923