3 0.33653846153846156 0.12259615384615384 0.18269230769230768 0.1466346153846154
3 0.3685897435897436 0.2692307692307692 0.17307692307692307 0.12740384615384615
3 0.5448717948717948 0.2644230769230769 0.16025641025641027 0.08653846153846154
4 0.34294871794871795 0.375 0.0673076923076923 0.057692307692307696
4 0.266025641025641 0.45913461538461536 0.11538461538461539 0.07692307692307693
5 0.3108974358974359 0.5024038461538461 0.15384615384615385 0.12980769230769232
4 0.6185897435897436 0.5480769230769231 0.16025641025641027 0.11538461538461539
4 0.34935897435897434 0.6129807692307693 0.10576923076923077 0.09375
4 0.2467948717948718 0.6153846153846154 0.14102564102564102 0.0985576923076923
4 0.38782051282051283 0.6923076923076923 0.11217948717948718 0.08653846153846154
4 0.5064102564102564 0.71875 0.16346153846153846 0.11538461538461539
4 0.32371794871794873 0.7572115384615384 0.1282051282051282 0.0985576923076923
4 0.47435897435897434 0.8125 0.11858974358974358 0.0985576923076923
4 0.5544871794871795 0.8076923076923077 0.05448717948717949 0.08413461538461539
4 0.42948717948717946 0.8653846153846154 0.09615384615384616 0.07932692307692307
4 0.5160256410256411 0.8798076923076923 0.0673076923076923 0.06009615384615385
4 0.4166666666666667 0.7764423076923077 0.0673076923076923 0.07692307692307693