4 0.6506410256410257 0.9326923076923077 0.14743589743589744 0.11538461538461539
4 0.5673076923076923 0.8245192307692307 0.1794871794871795 0.14182692307692307
4 0.22756410256410256 0.8028846153846154 0.08012820512820513 0.06009615384615385
4 0.34935897435897434 0.7307692307692307 0.10256410256410256 0.07932692307692307
4 0.48717948717948717 0.6971153846153846 0.05128205128205128 0.04326923076923077
4 0.5801282051282052 0.7283653846153846 0.11858974358974358 0.08413461538461539
4 0.42948717948717946 0.6442307692307693 0.09615384615384616 0.0673076923076923
5 0.6378205128205128 0.6370192307692307 0.15384615384615385 0.1201923076923077
5 0.5705128205128205 0.5576923076923077 0.16346153846153846 0.12740384615384615
4 0.4775641025641026 0.5456730769230769 0.05448717948717949 0.06971153846153846
3 0.5096153846153846 0.4735576923076923 0.1282051282051282 0.0985576923076923
3 0.7211538461538461 0.4831730769230769 0.16987179487179488 0.11778846153846154
3 0.7467948717948718 0.35096153846153844 0.13141025641025642 0.10336538461538461
5 0.32371794871794873 0.43509615384615385 0.0641025641025641 0.05048076923076923
5 0.15064102564102563 0.4254807692307692 0.04807692307692308 0.03365384615384615
4 0.20192307692307693 0.4519230769230769 0.03205128205128205 0.02403846153846154
4 0.23076923076923078 0.4110576923076923 0.02564102564102564 0.016826923076923076
4 0.16346153846153846 0.45913461538461536 0.041666666666666664 0.036057692307692304
4 0.14743589743589744 0.4855769230769231 0.019230769230769232 0.016826923076923076
3 0.12179487179487179 0.4519230769230769 0.04807692307692308 0.03365384615384615
5 0.022435897435897436 0.5576923076923077 0.04487179487179487 0.036057692307692304
5 0.07692307692307693 0.49038461538461536 0.04487179487179487 0.03125
4 0.057692307692307696 0.4230769230769231 0.04487179487179487 0.028846153846153848
4 0.07371794871794872 0.3942307692307692 0.05128205128205128 0.03365384615384615
4 0.028846153846153848 0.39903846153846156 0.04807692307692308 0.03365384615384615