3 0.21153846153846154 0.4543269230769231 0.11858974358974358 0.07932692307692307
5 0.2980769230769231 0.5072115384615384 0.1282051282051282 0.0985576923076923
4 0.1955128205128205 0.5504807692307693 0.11217948717948718 0.07451923076923077
4 0.19230769230769232 0.6105769230769231 0.08974358974358974 0.055288461538461536
4 0.28205128205128205 0.6586538461538461 0.08012820512820513 0.052884615384615384
4 0.3301282051282051 0.6177884615384616 0.09935897435897435 0.0673076923076923
4 0.3814102564102564 0.5649038461538461 0.11217948717948718 0.07932692307692307
4 0.4166666666666667 0.46153846153846156 0.09294871794871795 0.07932692307692307
4 0.483974358974359 0.5649038461538461 0.09615384615384616 0.0673076923076923
5 0.5192307692307693 0.4639423076923077 0.1282051282051282 0.09375
4 0.49038461538461536 0.3557692307692308 0.08333333333333333 0.0673076923076923
4 0.9166666666666666 0.11057692307692307 0.08012820512820513 0.06009615384615385
4 0.9102564102564102 0.08653846153846154 0.0673076923076923 0.040865384615384616
4 0.8108974358974359 0.11057692307692307 0.07371794871794872 0.055288461538461536
4 0.7564102564102564 0.10096153846153846 0.05448717948717949 0.05048076923076923
4 0.9807692307692307 0.20192307692307693 0.035256410256410256 0.040865384615384616
4 0.9423076923076923 0.18509615384615385 0.05448717948717949 0.04807692307692308
4 0.8846153846153846 0.1971153846153846 0.07051282051282051 0.052884615384615384
4 0.8846153846153846 0.24278846153846154 0.060897435897435896 0.04326923076923077
4 0.8108974358974359 0.19471153846153846 0.057692307692307696 0.04567307692307692
4 0.8076923076923077 0.23317307692307693 0.05448717948717949 0.040865384615384616
4 0.7564102564102564 0.18028846153846154 0.0641025641025641 0.05048076923076923
4 0.7532051282051282 0.2283653846153846 0.04487179487179487 0.03125
4 0.717948717948718 0.16346153846153846 0.05128205128205128 0.040865384615384616
4 0.7019230769230769 0.22355769230769232 0.04807692307692308 0.03125
4 0.8108974358974359 0.27403846153846156 0.038461538461538464 0.028846153846153848
4 0.9423076923076923 0.018028846153846152 0.08333333333333333 0.036057692307692304
4 0.9839743589743589 0.03365384615384615 0.028846153846153848 0.055288461538461536