4 0.34615384615384615 0.8557692307692307 0.21474358974358973 0.18269230769230768
4 0.41025641025641024 0.7043269230769231 0.19230769230769232 0.1346153846153846
4 0.34935897435897434 0.6033653846153846 0.21474358974358973 0.17067307692307693
3 0.4230769230769231 0.4230769230769231 0.16666666666666666 0.09615384615384616
3 0.41346153846153844 0.5072115384615384 0.18269230769230768 0.15144230769230768
3 0.5288461538461539 0.1658653846153846 0.2980769230769231 0.25240384615384615
3 0.6089743589743589 0.27884615384615385 0.17307692307692307 0.12259615384615384
4 0.7564102564102564 0.13221153846153846 0.13141025641025642 0.13942307692307693
4 0.7852564102564102 0.2620192307692308 0.1346153846153846 0.12259615384615384
4 0.717948717948718 0.25961538461538464 0.12179487179487179 0.08653846153846154
4 0.8974358974358975 0.13221153846153846 0.20192307692307693 0.17548076923076922
4 0.9134615384615384 0.2548076923076923 0.15384615384615385 0.09134615384615384
4 0.5705128205128205 0.4014423076923077 0.12179487179487179 0.0889423076923077
4 0.75 0.3629807692307692 0.08974358974358974 0.055288461538461536
4 0.7467948717948718 0.4206730769230769 0.0673076923076923 0.040865384615384616