4 0.9647435897435898 0.052884615384615384 0.038461538461538464 0.03125
4 0.9198717948717948 0.028846153846153848 0.04807692307692308 0.038461538461538464
4 0.8782051282051282 0.11538461538461539 0.035256410256410256 0.03125
4 0.8141025641025641 0.055288461538461536 0.04807692307692308 0.028846153846153848
4 0.8141025641025641 0.07692307692307693 0.05128205128205128 0.040865384615384616
4 0.8012820512820513 0.02403846153846154 0.060897435897435896 0.04807692307692308
4 0.75 0.016826923076923076 0.05448717948717949 0.03365384615384615
4 0.7019230769230769 0.02403846153846154 0.057692307692307696 0.04807692307692308
4 0.7403846153846154 0.15865384615384615 0.038461538461538464 0.028846153846153848
4 0.6923076923076923 0.1875 0.019230769230769232 0.016826923076923076
4 0.6506410256410257 0.02403846153846154 0.04807692307692308 0.040865384615384616
4 0.6538461538461539 0.06009615384615385 0.05128205128205128 0.04567307692307692
4 0.6474358974358975 0.12980769230769232 0.022435897435897436 0.019230769230769232
4 0.625 0.1346153846153846 0.016025641025641024 0.01201923076923077
4 0.592948717948718 0.08413461538461539 0.028846153846153848 0.028846153846153848
4 0.6442307692307693 0.18990384615384615 0.016025641025641024 0.01201923076923077
5 0.1762820512820513 0.31009615384615385 0.08012820512820513 0.055288461538461536
4 0.34935897435897434 0.3269230769230769 0.03205128205128205 0.02403846153846154
4 0.4391025641025641 0.3870192307692308 0.028846153846153848 0.019230769230769232
4 0.40705128205128205 0.41586538461538464 0.057692307692307696 0.04567307692307692
4 0.3685897435897436 0.4182692307692308 0.03205128205128205 0.028846153846153848
5 0.3076923076923077 0.37740384615384615 0.07371794871794872 0.05048076923076923
4 0.1955128205128205 0.4423076923076923 0.05448717948717949 0.038461538461538464
4 0.11858974358974358 0.49759615384615385 0.05128205128205128 0.038461538461538464
4 0.2724358974358974 0.45913461538461536 0.0641025641025641 0.04567307692307692
4 0.4166666666666667 0.5048076923076923 0.060897435897435896 0.04567307692307692
4 0.358974358974359 0.5 0.05128205128205128 0.040865384615384616
5 0.5801282051282052 0.4831730769230769 0.09294871794871795 0.0673076923076923
4 0.6442307692307693 0.5480769230769231 0.035256410256410256 0.028846153846153848
4 0.6153846153846154 0.5841346153846154 0.04487179487179487 0.036057692307692304
4 0.5416666666666666 0.5432692307692307 0.041666666666666664 0.028846153846153848
4 0.5416666666666666 0.5913461538461539 0.05448717948717949 0.04567307692307692
4 0.5 0.5673076923076923 0.04487179487179487 0.040865384615384616
4 0.4519230769230769 0.5673076923076923 0.0673076923076923 0.04567307692307692
4 0.46474358974358976 0.6009615384615384 0.07692307692307693 0.055288461538461536
4 0.3717948717948718 0.5480769230769231 0.07051282051282051 0.05048076923076923
4 0.25 0.5048076923076923 0.05448717948717949 0.038461538461538464
4 0.23076923076923078 0.5360576923076923 0.041666666666666664 0.03125
4 0.2916666666666667 0.5528846153846154 0.04487179487179487 0.026442307692307692
4 0.23717948717948717 0.5576923076923077 0.04807692307692308 0.036057692307692304
4 0.5480769230769231 0.6923076923076923 0.060897435897435896 0.04567307692307692
4 0.4391025641025641 0.6802884615384616 0.05128205128205128 0.040865384615384616
4 0.46474358974358976 0.7307692307692307 0.035256410256410256 0.026442307692307692
4 0.40064102564102566 0.6514423076923077 0.07692307692307693 0.057692307692307696
4 0.3333333333333333 0.5889423076923077 0.038461538461538464 0.019230769230769232
4 0.32371794871794873 0.6081730769230769 0.0641025641025641 0.04326923076923077
4 0.2564102564102564 0.6177884615384616 0.05128205128205128 0.038461538461538464
5 0.23397435897435898 0.6009615384615384 0.05448717948717949 0.038461538461538464
4 0.20833333333333334 0.5769230769230769 0.05128205128205128 0.04326923076923077
4 0.13782051282051283 0.5793269230769231 0.038461538461538464 0.021634615384615384
4 0.16025641025641027 0.59375 0.05128205128205128 0.03365384615384615
4 0.15705128205128205 0.6225961538461539 0.05448717948717949 0.040865384615384616
4 0.11217948717948718 0.5985576923076923 0.04487179487179487 0.038461538461538464
4 0.11217948717948718 0.6298076923076923 0.04487179487179487 0.03125
4 0.1794871794871795 0.6610576923076923 0.04807692307692308 0.03365384615384615
4 0.0673076923076923 0.6346153846153846 0.04807692307692308 0.036057692307692304
4 0.08333333333333333 0.65625 0.041666666666666664 0.026442307692307692
4 0.09294871794871795 0.6826923076923077 0.03205128205128205 0.019230769230769232
4 0.05448717948717949 0.6875 0.04807692307692308 0.03365384615384615
5 0.01282051282051282 0.6947115384615384 0.02564102564102564 0.038461538461538464
4 0.10256410256410256 0.7211538461538461 0.022435897435897436 0.016826923076923076
4 0.1987179487179487 0.6923076923076923 0.028846153846153848 0.02403846153846154
4 0.11538461538461539 0.7451923076923077 0.02564102564102564 0.019230769230769232
4 0.17307692307692307 0.71875 0.035256410256410256 0.02403846153846154
4 0.14423076923076922 0.7596153846153846 0.02564102564102564 0.019230769230769232
4 0.07051282051282051 0.7596153846153846 0.038461538461538464 0.026442307692307692
4 0.022435897435897436 0.7716346153846154 0.04487179487179487 0.03125
4 0.16666666666666666 0.7932692307692307 0.01282051282051282 0.014423076923076924
4 0.3141025641025641 0.6682692307692307 0.041666666666666664 0.03365384615384615
4 0.27884615384615385 0.6826923076923077 0.04487179487179487 0.03365384615384615
4 0.2692307692307692 0.7572115384615384 0.038461538461538464 0.026442307692307692
4 0.3685897435897436 0.7163461538461539 0.057692307692307696 0.04567307692307692
4 0.375 0.7451923076923077 0.04487179487179487 0.028846153846153848