3 0.3173076923076923 0.5600961538461539 0.1346153846153846 0.09134615384615384
4 0.4775641025641026 0.7692307692307693 0.08012820512820513 0.05048076923076923
4 0.41346153846153844 0.8004807692307693 0.08653846153846154 0.06490384615384616
4 0.36538461538461536 0.8076923076923077 0.05128205128205128 0.0673076923076923
4 0.3301282051282051 0.7596153846153846 0.08653846153846154 0.0673076923076923
4 0.27564102564102566 0.7427884615384616 0.09294871794871795 0.06971153846153846
4 0.3269230769230769 0.6153846153846154 0.07051282051282051 0.040865384615384616
4 0.2532051282051282 0.5769230769230769 0.05128205128205128 0.06009615384615385
4 0.41025641025641024 0.5384615384615384 0.08974358974358974 0.07451923076923077
5 0.3685897435897436 0.5096153846153846 0.08012820512820513 0.036057692307692304
4 0.2916666666666667 0.49038461538461536 0.10256410256410256 0.0673076923076923
4 0.34935897435897434 0.46634615384615385 0.08333333333333333 0.0625
4 0.358974358974359 0.3870192307692308 0.09935897435897435 0.07932692307692307
4 0.4391025641025641 0.35096153846153844 0.11217948717948718 0.08413461538461539
4 0.3557692307692308 0.27403846153846156 0.1346153846153846 0.10576923076923077
4 0.5608974358974359 0.21153846153846154 0.13141025641025642 0.09615384615384616
4 0.5544871794871795 0.6658653846153846 0.0641025641025641 0.04567307692307692
4 0.6474358974358975 0.3004807692307692 0.12179487179487179 0.10336538461538461
4 0.8589743589743589 0.25961538461538464 0.125 0.08413461538461539
4 0.7211538461538461 0.39663461538461536 0.09935897435897435 0.08173076923076923
3 0.967948717948718 0.4519230769230769 0.05448717948717949 0.038461538461538464
4 0.967948717948718 0.4855769230769231 0.04807692307692308 0.028846153846153848
4 0.8461538461538461 0.4495192307692308 0.08333333333333333 0.05048076923076923
4 0.6923076923076923 0.47115384615384615 0.038461538461538464 0.038461538461538464
4 0.7467948717948718 0.45913461538461536 0.057692307692307696 0.04326923076923077
4 0.7403846153846154 0.49278846153846156 0.057692307692307696 0.03365384615384615