3 0.483974358974359 0.3293269230769231 0.13782051282051283 0.11778846153846154
3 0.4551282051282051 0.44471153846153844 0.1282051282051282 0.09615384615384616
3 0.6153846153846154 0.4807692307692308 0.16025641025641027 0.13221153846153846
3 0.5576923076923077 0.5552884615384616 0.1346153846153846 0.10336538461538461
3 0.4583333333333333 0.5336538461538461 0.10256410256410256 0.08413461538461539
5 0.40705128205128205 0.5913461538461539 0.08653846153846154 0.08653846153846154
5 0.49038461538461536 0.6298076923076923 0.12179487179487179 0.10096153846153846
4 0.4423076923076923 0.6610576923076923 0.09935897435897435 0.07692307692307693
5 0.030448717948717948 0.8774038461538461 0.060897435897435896 0.09615384615384616
4 0.049679487179487176 0.9507211538461539 0.09935897435897435 0.09375
4 0.14102564102564102 0.9807692307692307 0.05128205128205128 0.03365384615384615
3 0.1762820512820513 0.9807692307692307 0.0673076923076923 0.03365384615384615