3 0.34615384615384615 0.4735576923076923 0.09294871794871795 0.057692307692307696
5 0.6314102564102564 0.3485576923076923 0.10576923076923077 0.07692307692307693
5 0.6826923076923077 0.39903846153846156 0.11858974358974358 0.08653846153846154
4 0.6121794871794872 0.46634615384615385 0.09615384615384616 0.07451923076923077
4 0.6346153846153846 0.49038461538461536 0.0641025641025641 0.04326923076923077
4 0.20833333333333334 0.4326923076923077 0.10576923076923077 0.07692307692307693
4 0.358974358974359 0.5072115384615384 0.08974358974358974 0.0625
4 0.46474358974358976 0.5240384615384616 0.09615384615384616 0.0673076923076923
4 0.5833333333333334 0.5336538461538461 0.08653846153846154 0.0625
4 0.6121794871794872 0.5841346153846154 0.03205128205128205 0.026442307692307692
4 0.5128205128205128 0.5793269230769231 0.07051282051282051 0.057692307692307696
4 0.36217948717948717 0.5649038461538461 0.07371794871794872 0.055288461538461536
4 0.44551282051282054 0.6057692307692307 0.08012820512820513 0.06490384615384616
4 0.36538461538461536 0.6201923076923077 0.07371794871794872 0.052884615384615384
4 0.32371794871794873 0.5480769230769231 0.04807692307692308 0.055288461538461536
4 0.33653846153846156 0.6490384615384616 0.07692307692307693 0.052884615384615384
4 0.40064102564102566 0.6418269230769231 0.060897435897435896 0.04807692307692308
4 0.6314102564102564 0.42788461538461536 0.08333333333333333 0.052884615384615384