3 0.5801282051282052 0.07211538461538461 0.25 0.14423076923076922
3 0.2403846153846154 0.24278846153846154 0.24358974358974358 0.19471153846153846
3 0.27564102564102566 0.5168269230769231 0.3108974358974359 0.22596153846153846
4 0.5192307692307693 0.6129807692307693 0.19230769230769232 0.15625
4 0.2916666666666667 0.7043269230769231 0.18269230769230768 0.13221153846153846
4 0.46153846153846156 0.7403846153846154 0.15384615384615385 0.11778846153846154
4 0.4967948717948718 0.8245192307692307 0.13141025641025642 0.10576923076923077
4 0.3525641025641026 0.8341346153846154 0.16025641025641027 0.12740384615384615
4 0.38461538461538464 0.9254807692307693 0.11538461538461539 0.09615384615384616
4 0.4935897435897436 0.8990384615384616 0.10897435897435898 0.07692307692307693
4 0.09935897435897435 0.9567307692307693 0.11858974358974358 0.07932692307692307
3 0.04807692307692308 0.9134615384615384 0.09294871794871795 0.12259615384615384
3 0.07371794871794872 0.7860576923076923 0.14743589743589744 0.11057692307692307
5 0.11858974358974358 0.8341346153846154 0.13141025641025642 0.0985576923076923
4 0.16025641025641027 0.8822115384615384 0.10576923076923077 0.08173076923076923
3 0.019230769230769232 0.6682692307692307 0.035256410256410256 0.07932692307692307
5 0.7692307692307693 0.6850961538461539 0.07692307692307693 0.055288461538461536
5 0.7147435897435898 0.7211538461538461 0.08974358974358974 0.06490384615384616