3 0.6153846153846154 0.21394230769230768 0.09935897435897435 0.09375
3 0.4166666666666667 0.25721153846153844 0.14423076923076922 0.10576923076923077
3 0.49038461538461536 0.36778846153846156 0.09935897435897435 0.07211538461538461
3 0.4230769230769231 0.5024038461538461 0.22115384615384615 0.16826923076923078
3 0.25 0.49038461538461536 0.16025641025641027 0.12740384615384615
5 0.6474358974358975 0.3629807692307692 0.057692307692307696 0.07211538461538461
3 0.5769230769230769 0.5384615384615384 0.12179487179487179 0.10096153846153846
5 0.5128205128205128 0.6490384615384616 0.20512820512820512 0.15625
5 0.6730769230769231 0.7139423076923077 0.15064102564102563 0.0985576923076923
4 0.9711538461538461 0.7259615384615384 0.05128205128205128 0.08173076923076923
4 0.8461538461538461 0.6057692307692307 0.14423076923076922 0.09134615384615384
4 0.967948717948718 0.9735576923076923 0.057692307692307696 0.05048076923076923
4 0.7467948717948718 0.8581730769230769 0.15064102564102563 0.10817307692307693
4 0.5192307692307693 0.8125 0.1282051282051282 0.0889423076923077
4 0.46794871794871795 0.9110576923076923 0.18269230769230768 0.14423076923076922
4 0.34935897435897434 0.9182692307692307 0.09615384615384616 0.0985576923076923