5 0.5576923076923077 0.4375 0.13782051282051283 0.09615384615384616
5 0.5096153846153846 0.3798076923076923 0.10576923076923077 0.07692307692307693
5 0.34615384615384615 0.49759615384615385 0.0673076923076923 0.052884615384615384
4 0.40064102564102566 0.43028846153846156 0.057692307692307696 0.04567307692307692
4 0.44551282051282054 0.4639423076923077 0.08333333333333333 0.0673076923076923
4 0.3814102564102564 0.5793269230769231 0.08333333333333333 0.0625
4 0.36217948717948717 0.65625 0.057692307692307696 0.04567307692307692
4 0.42628205128205127 0.7163461538461539 0.07692307692307693 0.06490384615384616
4 0.4967948717948718 0.5889423076923077 0.10576923076923077 0.08173076923076923
4 0.6121794871794872 0.59375 0.12179487179487179 0.08653846153846154
4 0.6634615384615384 0.7139423076923077 0.09935897435897435 0.07451923076923077
4 0.7147435897435898 0.7908653846153846 0.07371794871794872 0.052884615384615384
4 0.907051282051282 0.7716346153846154 0.05448717948717949 0.040865384615384616
4 0.8717948717948718 0.6826923076923077 0.08012820512820513 0.06009615384615385
4 0.9391025641025641 0.5432692307692307 0.0641025641025641 0.04567307692307692
4 0.8076923076923077 0.5841346153846154 0.10256410256410256 0.07932692307692307
4 0.8237179487179487 0.5192307692307693 0.08012820512820513 0.057692307692307696
4 0.7083333333333334 0.4855769230769231 0.10897435897435898 0.08173076923076923
4 0.6858974358974359 0.32211538461538464 0.0641025641025641 0.0625
4 0.6378205128205128 0.40384615384615385 0.08653846153846154 0.07451923076923077