3 0.7339743589743589 0.5264423076923077 0.3141025641025641 0.18028846153846154
3 0.6121794871794872 0.41346153846153844 0.23717948717948717 0.16346153846153846
3 0.7307692307692307 0.23076923076923078 0.18269230769230768 0.1346153846153846
3 0.5608974358974359 0.3076923076923077 0.19230769230769232 0.14903846153846154
5 0.8269230769230769 0.6754807692307693 0.26282051282051283 0.21634615384615385
4 0.5705128205128205 0.7764423076923077 0.23076923076923078 0.16105769230769232
4 0.46794871794871795 0.5336538461538461 0.15384615384615385 0.14903846153846154
4 0.3782051282051282 0.4014423076923077 0.13782051282051283 0.11778846153846154
4 0.2724358974358974 0.47836538461538464 0.1346153846153846 0.10817307692307693
4 0.32051282051282054 0.5769230769230769 0.16666666666666666 0.12980769230769232
4 0.21474358974358973 0.5769230769230769 0.09935897435897435 0.11057692307692307
4 0.34294871794871795 0.6850961538461539 0.18269230769230768 0.14182692307692307
4 0.41346153846153844 0.7548076923076923 0.14423076923076922 0.10817307692307693
4 0.5705128205128205 0.6802884615384616 0.15064102564102563 0.0889423076923077