1 0.42948717948717946 0.026442307692307692 0.060897435897435896 0.04567307692307692
1 0.42628205128205127 0.1466346153846154 0.10897435897435898 0.08653846153846154
2 0.34294871794871795 0.19951923076923078 0.060897435897435896 0.04807692307692308
1 0.32051282051282054 0.2403846153846154 0.07692307692307693 0.052884615384615384
1 0.40384615384615385 0.23798076923076922 0.03205128205128205 0.038461538461538464
0 0.3525641025641026 0.38461538461538464 0.07692307692307693 0.06971153846153846
1 0.5737179487179487 0.43028846153846156 0.10256410256410256 0.0673076923076923
0 0.40384615384615385 0.5 0.1858974358974359 0.13701923076923078
0 0.47435897435897434 0.5745192307692307 0.23717948717948717 0.19471153846153846
1 0.5224358974358975 0.5552884615384616 0.2692307692307692 0.20432692307692307
2 0.26282051282051283 0.6201923076923077 0.266025641025641 0.20432692307692307
1 0.38461538461538464 0.43509615384615385 0.08974358974358974 0.04326923076923077