4 0.07371794871794872 0.18269230769230768 0.08653846153846154 0.10096153846153846
4 0.16346153846153846 0.20432692307692307 0.12179487179487179 0.0985576923076923
4 0.4807692307692308 0.35096153846153844 0.20512820512820512 0.17548076923076922
4 0.20512820512820512 0.43990384615384615 0.04807692307692308 0.040865384615384616
4 0.6314102564102564 0.4735576923076923 0.16346153846153846 0.1201923076923077
4 0.4423076923076923 0.5528846153846154 0.16666666666666666 0.12740384615384615
4 0.46474358974358976 0.65625 0.15064102564102563 0.10576923076923077
4 0.5801282051282052 0.7235576923076923 0.18269230769230768 0.12980769230769232
4 0.05929487179487179 0.7115384615384616 0.11858974358974358 0.0625
4 0.3814102564102564 0.7596153846153846 0.1955128205128205 0.14423076923076922
4 0.46794871794871795 0.8677884615384616 0.18269230769230768 0.15144230769230768
4 0.6602564102564102 0.8365384615384616 0.07051282051282051 0.052884615384615384
4 0.5576923076923077 0.8461538461538461 0.05128205128205128 0.07211538461538461
4 0.22756410256410256 0.375 0.07051282051282051 0.052884615384615384