4 0.6378205128205128 0.9038461538461539 0.16346153846153846 0.12259615384615384
4 0.5641025641025641 0.8245192307692307 0.20192307692307693 0.15625
4 0.9391025641025641 0.75 0.11538461538461539 0.10336538461538461
4 0.8493589743589743 0.6442307692307693 0.15705128205128205 0.12259615384615384
4 0.6730769230769231 0.6658653846153846 0.23397435897435898 0.17548076923076922
4 0.8461538461538461 0.5048076923076923 0.16987179487179488 0.13701923076923078
4 0.6987179487179487 0.46634615384615385 0.15705128205128205 0.12259615384615384
4 0.5512820512820513 0.6899038461538461 0.09935897435897435 0.11057692307692307
4 0.5544871794871795 0.5384615384615384 0.16987179487179488 0.1346153846153846
4 0.22115384615384615 0.7572115384615384 0.14743589743589744 0.1201923076923077
4 0.2467948717948718 0.8149038461538461 0.125 0.06971153846153846
4 0.6025641025641025 0.28125 0.21794871794871795 0.1658653846153846
4 0.5416666666666666 0.41346153846153844 0.13141025641025642 0.10817307692307693
4 0.3108974358974359 0.25 0.16346153846153846 0.09134615384615384
4 0.30448717948717946 0.3605769230769231 0.21794871794871795 0.16826923076923078
4 0.27564102564102566 0.5264423076923077 0.21153846153846154 0.14903846153846154
4 0.09935897435897435 0.5456730769230769 0.15064102564102563 0.11298076923076923
4 0.10897435897435898 0.7307692307692307 0.09294871794871795 0.0673076923076923
4 0.3269230769230769 0.6105769230769231 0.16987179487179488 0.1201923076923077
4 0.3782051282051282 0.6730769230769231 0.12179487179487179 0.07932692307692307
4 0.3717948717948718 0.7403846153846154 0.060897435897435896 0.052884615384615384
4 0.1346153846153846 0.6418269230769231 0.12179487179487179 0.08173076923076923