5 0.6217948717948718 0.40625 0.1762820512820513 0.11778846153846154
3 0.46794871794871795 0.15625 0.1987179487179487 0.16826923076923078
3 0.4935897435897436 0.31009615384615385 0.16987179487179488 0.13701923076923078
3 0.2564102564102564 0.49038461538461536 0.16666666666666666 0.125
3 0.3685897435897436 0.4230769230769231 0.14743589743589744 0.10817307692307693
3 0.4358974358974359 0.5240384615384616 0.16025641025641027 0.11778846153846154
3 0.5064102564102564 0.6129807692307693 0.1955128205128205 0.1466346153846154
4 0.4423076923076923 0.7067307692307693 0.14743589743589744 0.11538461538461539
4 0.42948717948717946 0.8197115384615384 0.14743589743589744 0.11538461538461539
5 0.3814102564102564 0.6490384615384616 0.08974358974358974 0.07692307692307693
4 0.27884615384615385 0.7115384615384616 0.17307692307692307 0.13221153846153846
4 0.20192307692307693 0.7091346153846154 0.07051282051282051 0.10817307692307693
4 0.3076923076923077 0.8100961538461539 0.11217948717948718 0.09134615384615384
4 0.3301282051282051 0.8653846153846154 0.08653846153846154 0.06490384615384616
4 0.23397435897435898 0.8293269230769231 0.10897435897435898 0.0985576923076923