4 0.782051282051282 0.12259615384615384 0.0673076923076923 0.06490384615384616
4 0.7275641025641025 0.16826923076923078 0.07692307692307693 0.07211538461538461
4 0.7275641025641025 0.20432692307692307 0.07051282051282051 0.03125
4 0.6009615384615384 0.027644230769230768 0.09294871794871795 0.055288461538461536
4 0.6185897435897436 0.11057692307692307 0.07051282051282051 0.07692307692307693
4 0.5064102564102564 0.18990384615384615 0.0673076923076923 0.040865384615384616
4 0.5 0.17548076923076922 0.057692307692307696 0.038461538461538464
3 0.4551282051282051 0.1201923076923077 0.15705128205128205 0.11538461538461539
3 0.3717948717948718 0.18028846153846154 0.125 0.10336538461538461
3 0.38461538461538464 0.2644230769230769 0.13141025641025642 0.07211538461538461
4 0.38461538461538464 0.3125 0.13782051282051283 0.0985576923076923
4 0.38461538461538464 0.39663461538461536 0.12179487179487179 0.08413461538461539
5 0.5 0.37740384615384615 0.12179487179487179 0.09375
3 0.049679487179487176 0.5072115384615384 0.09935897435897435 0.1346153846153846
3 0.028846153846153848 0.5985576923076923 0.057692307692307696 0.06971153846153846
4 0.34935897435897434 0.46875 0.13782051282051283 0.0889423076923077
4 0.5192307692307693 0.4735576923076923 0.1346153846153846 0.09375
4 0.5352564102564102 0.5625 0.15384615384615385 0.11538461538461539
4 0.33653846153846156 0.5504807692307693 0.12179487179487179 0.10576923076923077
4 0.47115384615384615 0.6995192307692307 0.15064102564102563 0.11057692307692307
4 0.36538461538461536 0.6658653846153846 0.14743589743589744 0.10817307692307693
4 0.2692307692307692 0.6418269230769231 0.1282051282051282 0.0985576923076923
4 0.32371794871794873 0.7692307692307693 0.1346153846153846 0.10576923076923077
4 0.19230769230769232 0.7956730769230769 0.14102564102564102 0.0985576923076923
4 0.10576923076923077 0.6947115384615384 0.12179487179487179 0.0985576923076923
3 0.6025641025641025 0.7740384615384616 0.060897435897435896 0.052884615384615384
3 0.5737179487179487 0.8221153846153846 0.07371794871794872 0.04807692307692308
3 0.5608974358974359 0.84375 0.0673076923076923 0.05048076923076923
5 0.6057692307692307 0.8774038461538461 0.07371794871794872 0.06009615384615385
5 0.5897435897435898 0.9302884615384616 0.08012820512820513 0.0625
4 0.5192307692307693 0.8966346153846154 0.07051282051282051 0.055288461538461536
5 0.49038461538461536 0.84375 0.0641025641025641 0.05048076923076923
4 0.5160256410256411 0.96875 0.0641025641025641 0.05048076923076923
4 0.4519230769230769 0.9302884615384616 0.05448717948717949 0.04807692307692308
3 0.7147435897435898 0.5769230769230769 0.038461538461538464 0.04807692307692308
3 0.6410256410256411 0.5576923076923077 0.05448717948717949 0.04326923076923077
5 0.6762820512820513 0.6394230769230769 0.04807692307692308 0.038461538461538464
4 0.46794871794871795 0.8725961538461539 0.057692307692307696 0.05048076923076923