5 0.4198717948717949 0.33653846153846156 0.15064102564102563 0.11778846153846154
5 0.3814102564102564 0.4735576923076923 0.15705128205128205 0.11057692307692307
5 0.5865384615384616 0.42788461538461536 0.16987179487179488 0.11778846153846154
4 0.5993589743589743 0.5793269230769231 0.15064102564102563 0.10336538461538461
4 0.38461538461538464 0.6105769230769231 0.1346153846153846 0.09375
4 0.5576923076923077 0.7139423076923077 0.11858974358974358 0.09134615384615384
4 0.38782051282051283 0.6947115384615384 0.11217948717948718 0.07932692307692307
4 0.358974358974359 0.7788461538461539 0.09294871794871795 0.08173076923076923
4 0.41025641025641024 0.84375 0.08653846153846154 0.07451923076923077
4 0.5608974358974359 0.8677884615384616 0.08333333333333333 0.07211538461538461
4 0.48717948717948717 0.8870192307692307 0.0641025641025641 0.055288461538461536
3 0.28205128205128205 0.9399038461538461 0.038461538461538464 0.036057692307692304
3 0.20833333333333334 0.9471153846153846 0.04487179487179487 0.040865384615384616
3 0.2467948717948718 0.9543269230769231 0.035256410256410256 0.03365384615384615
3 0.8525641025641025 0.4014423076923077 0.0641025641025641 0.055288461538461536
3 0.8108974358974359 0.43028846153846156 0.057692307692307696 0.057692307692307696
5 0.7724358974358975 0.4543269230769231 0.04807692307692308 0.040865384615384616
5 0.09935897435897435 0.2932692307692308 0.05128205128205128 0.04567307692307692
5 0.32371794871794873 0.23317307692307693 0.038461538461538464 0.03125
5 0.5256410256410257 0.9639423076923077 0.060897435897435896 0.04567307692307692