5 0.41346153846153844 0.46875 0.1794871794871795 0.13701923076923078
5 0.5416666666666666 0.5600961538461539 0.21474358974358973 0.14423076923076922
3 0.2692307692307692 0.6899038461538461 0.0673076923076923 0.04567307692307692
4 0.34615384615384615 0.6586538461538461 0.11538461538461539 0.0889423076923077
4 0.4423076923076923 0.6514423076923077 0.1282051282051282 0.0889423076923077
4 0.3525641025641026 0.7235576923076923 0.05128205128205128 0.040865384615384616
4 0.5192307692307693 0.6971153846153846 0.05128205128205128 0.03365384615384615
4 0.46153846153846156 0.7163461538461539 0.11538461538461539 0.04807692307692308
4 0.5705128205128205 0.75 0.07371794871794872 0.052884615384615384
4 0.6346153846153846 0.8173076923076923 0.05128205128205128 0.038461538461538464
4 0.3108974358974359 0.7427884615384616 0.05128205128205128 0.04567307692307692
4 0.5192307692307693 0.7884615384615384 0.057692307692307696 0.038461538461538464
4 0.5737179487179487 0.8413461538461539 0.08012820512820513 0.06490384615384616
4 0.3141025641025641 0.7884615384615384 0.04807692307692308 0.038461538461538464
4 0.2980769230769231 0.8149038461538461 0.03205128205128205 0.03125