1 0.2948717948717949 0.1466346153846154 0.07692307692307693 0.06009615384615385
2 0.40705128205128205 0.15865384615384615 0.11538461538461539 0.10336538461538461
1 0.34935897435897434 0.20192307692307693 0.10576923076923077 0.09134615384615384
1 0.4423076923076923 0.23557692307692307 0.10576923076923077 0.07932692307692307
0 0.2916666666666667 0.36538461538461536 0.13782051282051283 0.09375
0 0.1794871794871795 0.3798076923076923 0.1346153846153846 0.10576923076923077
1 0.2724358974358974 0.4375 0.10576923076923077 0.07211538461538461
2 0.09294871794871795 0.4951923076923077 0.0673076923076923 0.038461538461538464
1 0.0673076923076923 0.5360576923076923 0.07692307692307693 0.04807692307692308
1 0.21794871794871795 0.7139423076923077 0.05448717948717949 0.036057692307692304
0 0.02564102564102564 0.6201923076923077 0.04807692307692308 0.038461538461538464
1 0.532051282051282 0.7572115384615384 0.08333333333333333 0.06490384615384616
2 0.5576923076923077 0.8269230769230769 0.08974358974358974 0.06971153846153846
0 0.7435897435897436 0.5625 0.057692307692307696 0.038461538461538464
0 0.8525641025641025 0.4831730769230769 0.14102564102564102 0.10817307692307693
1 0.8782051282051282 0.47115384615384615 0.11538461538461539 0.08173076923076923
2 0.8108974358974359 0.4206730769230769 0.11858974358974358 0.06971153846153846
2 0.7403846153846154 0.4567307692307692 0.08974358974358974 0.07692307692307693